,dates,cases,cumul
0,2020-01-22,17.0,17.0
1,2020-01-23,1.0,18.0
2,2020-01-24,8.0,26.0
3,2020-01-25,16.0,42.0
4,2020-01-26,14.0,56.0
5,2020-01-27,26.0,82.0
6,2020-01-28,49.0,131.0
7,2020-01-29,2.0,133.0
8,2020-01-30,38.0,171.0
9,2020-01-31,42.0,213.0
10,2020-02-01,46.0,259.0
11,2020-02-02,102.0,361.0
12,2020-02-03,64.0,425.0
13,2020-02-04,66.0,491.0
14,2020-02-05,72.0,563.0
15,2020-02-06,70.0,633.0
16,2020-02-07,85.0,718.0
17,2020-02-08,87.0,805.0
18,2020-02-09,100.0,905.0
19,2020-02-10,107.0,1012.0
20,2020-02-11,100.0,1112.0
21,2020-02-12,5.0,1117.0
22,2020-02-13,252.0,1369.0
23,2020-02-14,152.0,1521.0
24,2020-02-15,142.0,1663.0
25,2020-02-16,103.0,1766.0
26,2020-02-17,98.0,1864.0
27,2020-02-18,139.0,2003.0
28,2020-02-19,113.0,2116.0
29,2020-02-20,122.0,2238.0
30,2020-02-21,0.0,2238.0
31,2020-02-22,205.0,2443.0
32,2020-02-23,2.0,2445.0
33,2020-02-24,150.0,2595.0
34,2020-02-25,70.0,2665.0
35,2020-02-26,52.0,2717.0
36,2020-02-27,29.0,2746.0
37,2020-02-28,44.0,2790.0
38,2020-02-29,47.0,2837.0
39,2020-03-01,35.0,2872.0
40,2020-03-02,42.0,2914.0
41,2020-03-03,33.0,2947.0
42,2020-03-04,36.0,2983.0
43,2020-03-05,32.0,3015.0
44,2020-03-06,29.0,3044.0
45,2020-03-07,28.0,3072.0
46,2020-03-08,28.0,3100.0
47,2020-03-09,23.0,3123.0
48,2020-03-10,16.0,3139.0
49,2020-03-11,22.0,3161.0
50,2020-03-12,11.0,3172.0
51,2020-03-13,8.0,3180.0
52,2020-03-14,13.0,3193.0
53,2020-03-15,10.0,3203.0
54,2020-03-16,14.0,3217.0
55,2020-03-17,13.0,3230.0
56,2020-03-18,11.0,3241.0
57,2020-03-19,8.0,3249.0
58,2020-03-20,4.0,3253.0
59,2020-03-21,6.0,3259.0
60,2020-03-22,15.0,3274.0
61,2020-03-23,0.0,3274.0
62,2020-03-24,7.0,3281.0
63,2020-03-25,4.0,3285.0
64,2020-03-26,6.0,3291.0
65,2020-03-27,5.0,3296.0
66,2020-03-28,3.0,3299.0
67,2020-03-29,5.0,3304.0
68,2020-03-30,4.0,3308.0
69,2020-03-31,1.0,3309.0
70,2020-04-01,7.0,3316.0
71,2020-04-02,6.0,3322.0
72,2020-04-03,4.0,3326.0
73,2020-04-04,4.0,3330.0
74,2020-04-05,3.0,3333.0
75,2020-04-06,2.0,3335.0
76,2020-04-07,0.0,3335.0
77,2020-04-08,2.0,3337.0
78,2020-04-09,2.0,3339.0
79,2020-04-10,1.0,3340.0
80,2020-04-11,3.0,3343.0
81,2020-04-12,0.0,3343.0
82,2020-04-13,2.0,3345.0
83,2020-04-14,0.0,3345.0
84,2020-04-15,1.0,3346.0
85,2020-04-16,0.0,3346.0
86,2020-04-17,1290.0,4636.0
87,2020-04-18,0.0,4636.0
88,2020-04-19,0.0,4636.0
89,2020-04-20,0.0,4636.0
90,2020-04-21,0.0,4636.0
91,2020-04-22,0.0,4636.0
92,2020-04-23,0.0,4636.0
93,2020-04-24,0.0,4636.0
94,2020-04-25,0.0,4636.0
95,2020-04-26,1.0,4637.0
96,2020-04-27,0.0,4637.0
97,2020-04-28,0.0,4637.0
98,2020-04-29,0.0,4637.0
99,2020-04-30,0.0,4637.0
100,2020-05-01,0.0,4637.0
101,2020-05-02,0.0,4637.0
102,2020-05-03,0.0,4637.0
103,2020-05-04,0.0,4637.0
104,2020-05-05,0.0,4637.0
105,2020-05-06,0.0,4637.0
106,2020-05-07,0.0,4637.0
107,2020-05-08,0.0,4637.0
108,2020-05-09,0.0,4637.0
109,2020-05-10,0.0,4637.0
110,2020-05-11,0.0,4637.0
111,2020-05-12,0.0,4637.0
112,2020-05-13,0.0,4637.0
113,2020-05-14,0.0,4637.0
114,2020-05-15,0.0,4637.0
115,2020-05-16,1.0,4638.0
116,2020-05-17,0.0,4638.0
117,2020-05-18,0.0,4638.0
118,2020-05-19,0.0,4638.0
119,2020-05-20,0.0,4638.0
120,2020-05-21,0.0,4638.0
121,2020-05-22,0.0,4638.0
122,2020-05-23,0.0,4638.0
123,2020-05-24,0.0,4638.0
124,2020-05-25,0.0,4638.0
125,2020-05-26,0.0,4638.0
126,2020-05-27,0.0,4638.0
127,2020-05-28,0.0,4638.0
128,2020-05-29,0.0,4638.0
129,2020-05-30,0.0,4638.0
130,2020-05-31,0.0,4638.0
131,2020-06-01,0.0,4638.0
132,2020-06-02,0.0,4638.0
133,2020-06-03,0.0,4638.0
134,2020-06-04,0.0,4638.0
135,2020-06-05,0.0,4638.0
136,2020-06-06,0.0,4638.0
137,2020-06-07,0.0,4638.0
138,2020-06-08,0.0,4638.0
139,2020-06-09,0.0,4638.0
140,2020-06-10,0.0,4638.0
141,2020-06-11,0.0,4638.0
142,2020-06-12,0.0,4638.0
143,2020-06-13,0.0,4638.0
144,2020-06-14,0.0,4638.0
145,2020-06-15,0.0,4638.0
146,2020-06-16,0.0,4638.0
147,2020-06-17,0.0,4638.0
148,2020-06-18,0.0,4638.0
149,2020-06-19,0.0,4638.0
150,2020-06-20,1.0,4639.0
151,2020-06-21,0.0,4639.0
152,2020-06-22,0.0,4639.0
153,2020-06-23,1.0,4640.0
154,2020-06-24,0.0,4640.0
155,2020-06-25,1.0,4641.0
156,2020-06-26,0.0,4641.0
157,2020-06-27,0.0,4641.0
158,2020-06-28,0.0,4641.0
159,2020-06-29,0.0,4641.0
160,2020-06-30,0.0,4641.0
161,2020-07-01,0.0,4641.0
162,2020-07-02,0.0,4641.0
163,2020-07-03,0.0,4641.0
164,2020-07-04,0.0,4641.0
165,2020-07-05,0.0,4641.0
166,2020-07-06,0.0,4641.0
167,2020-07-07,0.0,4641.0
168,2020-07-08,0.0,4641.0
169,2020-07-09,0.0,4641.0
170,2020-07-10,0.0,4641.0
171,2020-07-11,0.0,4641.0
172,2020-07-12,0.0,4641.0
173,2020-07-13,0.0,4641.0
174,2020-07-14,1.0,4642.0
175,2020-07-15,2.0,4644.0
176,2020-07-16,0.0,4644.0
177,2020-07-17,1.0,4645.0
178,2020-07-18,1.0,4646.0
179,2020-07-19,0.0,4646.0
180,2020-07-20,0.0,4646.0
181,2020-07-21,2.0,4648.0
182,2020-07-22,0.0,4648.0
183,2020-07-23,1.0,4649.0
184,2020-07-24,1.0,4650.0
185,2020-07-25,2.0,4652.0
186,2020-07-26,0.0,4652.0
187,2020-07-27,4.0,4656.0
188,2020-07-28,1.0,4657.0
189,2020-07-29,1.0,4658.0
190,2020-07-30,1.0,4659.0
191,2020-07-31,2.0,4661.0
192,2020-08-01,6.0,4667.0
193,2020-08-02,2.0,4669.0
194,2020-08-03,3.0,4672.0
195,2020-08-04,4.0,4676.0
196,2020-08-05,1.0,4677.0
197,2020-08-06,3.0,4680.0
198,2020-08-07,1.0,4681.0
199,2020-08-08,0.0,4681.0
200,2020-08-09,5.0,4686.0
201,2020-08-10,3.0,4689.0
202,2020-08-11,4.0,4693.0
203,2020-08-12,4.0,4697.0
204,2020-08-13,3.0,4700.0
205,2020-08-14,1.0,4701.0
206,2020-08-15,2.0,4703.0
207,2020-08-16,0.0,4703.0
208,2020-08-17,0.0,4703.0
209,2020-08-18,2.0,4705.0
210,2020-08-19,1.0,4706.0
211,2020-08-20,3.0,4709.0
212,2020-08-21,0.0,4709.0
213,2020-08-22,2.0,4711.0
214,2020-08-23,0.0,4711.0
215,2020-08-24,0.0,4711.0
216,2020-08-25,1.0,4712.0
217,2020-08-26,1.0,4713.0
218,2020-08-27,2.0,4715.0
219,2020-08-28,3.0,4718.0
220,2020-08-29,3.0,4721.0
221,2020-08-30,1.0,4722.0
222,2020-08-31,1.0,4723.0
223,2020-09-01,1.0,4724.0
224,2020-09-02,3.0,4727.0
225,2020-09-03,1.0,4728.0
226,2020-09-04,0.0,4728.0
227,2020-09-05,0.0,4728.0
228,2020-09-06,2.0,4730.0
229,2020-09-07,2.0,4732.0
230,2020-09-08,1.0,4733.0
231,2020-09-09,0.0,4733.0
232,2020-09-10,0.0,4733.0
233,2020-09-11,0.0,4733.0
234,2020-09-12,1.0,4734.0
235,2020-09-13,0.0,4734.0
236,2020-09-14,1.0,4735.0
237,2020-09-15,1.0,4736.0
238,2020-09-16,0.0,4736.0
239,2020-09-17,0.0,4736.0
240,2020-09-18,1.0,4737.0
241,2020-09-19,0.0,4737.0
242,2020-09-20,0.0,4737.0
243,2020-09-21,0.0,4737.0
244,2020-09-22,0.0,4737.0
245,2020-09-23,1.0,4738.0
246,2020-09-24,0.0,4738.0
247,2020-09-25,1.0,4739.0
248,2020-09-26,0.0,4739.0
249,2020-09-27,0.0,4739.0
250,2020-09-28,0.0,4739.0
251,2020-09-29,0.0,4739.0
252,2020-09-30,0.0,4739.0
253,2020-10-01,0.0,4739.0
254,2020-10-02,0.0,4739.0
255,2020-10-03,0.0,4739.0
256,2020-10-04,0.0,4739.0
257,2020-10-05,0.0,4739.0
258,2020-10-06,0.0,4739.0
259,2020-10-07,0.0,4739.0
260,2020-10-08,0.0,4739.0
261,2020-10-09,0.0,4739.0
262,2020-10-10,0.0,4739.0
263,2020-10-11,0.0,4739.0
264,2020-10-12,0.0,4739.0
265,2020-10-13,0.0,4739.0
266,2020-10-14,0.0,4739.0
267,2020-10-15,0.0,4739.0
268,2020-10-16,0.0,4739.0
269,2020-10-17,0.0,4739.0
270,2020-10-18,0.0,4739.0
271,2020-10-19,0.0,4739.0
272,2020-10-20,0.0,4739.0
273,2020-10-21,0.0,4739.0
274,2020-10-22,0.0,4739.0
275,2020-10-23,0.0,4739.0
276,2020-10-24,0.0,4739.0
277,2020-10-25,0.0,4739.0
278,2020-10-26,0.0,4739.0
279,2020-10-27,0.0,4739.0
280,2020-10-28,0.0,4739.0
281,2020-10-29,0.0,4739.0
282,2020-10-30,0.0,4739.0
283,2020-10-31,0.0,4739.0
284,2020-11-01,0.0,4739.0
285,2020-11-02,0.0,4739.0
286,2020-11-03,0.0,4739.0
287,2020-11-04,1.0,4740.0
288,2020-11-05,1.0,4741.0
289,2020-11-06,0.0,4741.0
290,2020-11-07,0.0,4741.0
291,2020-11-08,0.0,4741.0
292,2020-11-09,0.0,4741.0
293,2020-11-10,1.0,4742.0
294,2020-11-11,0.0,4742.0
295,2020-11-12,0.0,4742.0
296,2020-11-13,0.0,4742.0
297,2020-11-14,0.0,4742.0
298,2020-11-15,0.0,4742.0
299,2020-11-16,0.0,4742.0
300,2020-11-17,0.0,4742.0
301,2020-11-18,0.0,4742.0
302,2020-11-19,0.0,4742.0
303,2020-11-20,0.0,4742.0
304,2020-11-21,0.0,4742.0
305,2020-11-22,0.0,4742.0
306,2020-11-23,0.0,4742.0
307,2020-11-24,0.0,4742.0
308,2020-11-25,0.0,4742.0
309,2020-11-26,0.0,4742.0
310,2020-11-27,0.0,4742.0
311,2020-11-28,1.0,4743.0
312,2020-11-29,0.0,4743.0
313,2020-11-30,0.0,4743.0
314,2020-12-01,0.0,4743.0
315,2020-12-02,1.0,4744.0
316,2020-12-03,1.0,4745.0
317,2020-12-04,1.0,4746.0
318,2020-12-05,0.0,4746.0
319,2020-12-06,0.0,4746.0
320,2020-12-07,0.0,4746.0
321,2020-12-08,0.0,4746.0
322,2020-12-09,2.0,4748.0
323,2020-12-10,0.0,4748.0
324,2020-12-11,0.0,4748.0
325,2020-12-12,1.0,4749.0
326,2020-12-13,2.0,4751.0
327,2020-12-14,3.0,4754.0
328,2020-12-15,3.0,4757.0
329,2020-12-16,0.0,4757.0
330,2020-12-17,2.0,4759.0
331,2020-12-18,4.0,4763.0
332,2020-12-19,0.0,4763.0
333,2020-12-20,1.0,4764.0
334,2020-12-21,1.0,4765.0
335,2020-12-22,1.0,4766.0
336,2020-12-23,1.0,4767.0
337,2020-12-24,2.0,4769.0
338,2020-12-25,1.0,4770.0
339,2020-12-26,0.0,4770.0
340,2020-12-27,1.0,4771.0
341,2020-12-28,4.0,4775.0
342,2020-12-29,2.0,4777.0
343,2020-12-30,4.0,4781.0
344,2020-12-31,1.0,4782.0
345,2021-01-01,0.0,4782.0
346,2021-01-02,2.0,4784.0
347,2021-01-03,0.0,4784.0
348,2021-01-04,3.0,4787.0
349,2021-01-05,0.0,4787.0
350,2021-01-06,1.0,4788.0
351,2021-01-07,0.0,4788.0
352,2021-01-08,1.0,4789.0
353,2021-01-09,2.0,4791.0
354,2021-01-10,1.0,4792.0
355,2021-01-11,1.0,4793.0
356,2021-01-12,1.0,4794.0
357,2021-01-13,2.0,4796.0
358,2021-01-14,0.0,4796.0
359,2021-01-15,0.0,4796.0
360,2021-01-16,1.0,4797.0
361,2021-01-17,0.0,4797.0
362,2021-01-18,1.0,4798.0
363,2021-01-19,2.0,4800.0
364,2021-01-20,1.0,4801.0
365,2021-01-21,2.0,4803.0
366,2021-01-22,0.0,4803.0
367,2021-01-23,0.0,4803.0
368,2021-01-24,1.0,4804.0
369,2021-01-25,3.0,4807.0
370,2021-01-26,2.0,4809.0
371,2021-01-27,2.0,4811.0
372,2021-01-28,2.0,4813.0
373,2021-01-29,1.0,4814.0
374,2021-01-30,1.0,4815.0
375,2021-01-31,2.0,4817.0
376,2021-02-01,1.0,4818.0
377,2021-02-02,2.0,4820.0
378,2021-02-03,1.0,4821.0
379,2021-02-04,1.0,4822.0
380,2021-02-05,0.0,4822.0
381,2021-02-06,0.0,4822.0
382,2021-02-07,0.0,4822.0
383,2021-02-08,0.0,4822.0
384,2021-02-09,2.0,4824.0
385,2021-02-10,1.0,4825.0
386,2021-02-11,2.0,4827.0
387,2021-02-12,1.0,4828.0
388,2021-02-13,1.0,4829.0
389,2021-02-14,0.0,4829.0
390,2021-02-15,0.0,4829.0
391,2021-02-16,2.0,4831.0
392,2021-02-17,2.0,4833.0
