,dates,cases,cumul
0,2020-01-22,0.0,0.0
1,2020-01-23,0.0,0.0
2,2020-01-24,0.0,0.0
3,2020-01-25,0.0,0.0
4,2020-01-26,0.0,0.0
5,2020-01-27,0.0,0.0
6,2020-01-28,0.0,0.0
7,2020-01-29,0.0,0.0
8,2020-01-30,0.0,0.0
9,2020-01-31,0.0,0.0
10,2020-02-01,0.0,0.0
11,2020-02-02,0.0,0.0
12,2020-02-03,0.0,0.0
13,2020-02-04,0.0,0.0
14,2020-02-05,0.0,0.0
15,2020-02-06,0.0,0.0
16,2020-02-07,0.0,0.0
17,2020-02-08,0.0,0.0
18,2020-02-09,0.0,0.0
19,2020-02-10,0.0,0.0
20,2020-02-11,0.0,0.0
21,2020-02-12,0.0,0.0
22,2020-02-13,0.0,0.0
23,2020-02-14,0.0,0.0
24,2020-02-15,0.0,0.0
25,2020-02-16,0.0,0.0
26,2020-02-17,0.0,0.0
27,2020-02-18,0.0,0.0
28,2020-02-19,0.0,0.0
29,2020-02-20,0.0,0.0
30,2020-02-21,0.0,0.0
31,2020-02-22,0.0,0.0
32,2020-02-23,0.0,0.0
33,2020-02-24,0.0,0.0
34,2020-02-25,0.0,0.0
35,2020-02-26,0.0,0.0
36,2020-02-27,0.0,0.0
37,2020-02-28,0.0,0.0
38,2020-02-29,0.0,0.0
39,2020-03-01,0.0,0.0
40,2020-03-02,0.0,0.0
41,2020-03-03,0.0,0.0
42,2020-03-04,0.0,0.0
43,2020-03-05,0.0,0.0
44,2020-03-06,0.0,0.0
45,2020-03-07,0.0,0.0
46,2020-03-08,0.0,0.0
47,2020-03-09,2.0,2.0
48,2020-03-10,0.0,2.0
49,2020-03-11,1.0,3.0
50,2020-03-12,0.0,3.0
51,2020-03-13,4.0,7.0
52,2020-03-14,2.0,9.0
53,2020-03-15,2.0,11.0
54,2020-03-16,6.0,17.0
55,2020-03-17,7.0,24.0
56,2020-03-18,4.0,28.0
57,2020-03-19,16.0,44.0
58,2020-03-20,23.0,67.0
59,2020-03-21,17.0,84.0
60,2020-03-22,10.0,94.0
61,2020-03-23,29.0,123.0
62,2020-03-24,34.0,157.0
63,2020-03-25,49.0,206.0
64,2020-03-26,61.0,267.0
65,2020-03-27,75.0,342.0
66,2020-03-28,91.0,433.0
67,2020-03-29,100.0,533.0
68,2020-03-30,112.0,645.0
69,2020-03-31,130.0,775.0
70,2020-04-01,145.0,920.0
71,2020-04-02,187.0,1107.0
72,2020-04-03,168.0,1275.0
73,2020-04-04,169.0,1444.0
74,2020-04-05,140.0,1584.0
75,2020-04-06,226.0,1810.0
76,2020-04-07,206.0,2016.0
77,2020-04-08,333.0,2349.0
78,2020-04-09,258.0,2607.0
79,2020-04-10,160.0,2767.0
80,2020-04-11,-31.0,2736.0
81,2020-04-12,286.0,3022.0
82,2020-04-13,172.0,3194.0
83,2020-04-14,100.0,3294.0
84,2020-04-15,510.0,3804.0
85,2020-04-16,248.0,4052.0
86,2020-04-17,300.0,4352.0
87,2020-04-18,107.0,4459.0
88,2020-04-19,127.0,4586.0
89,2020-04-20,276.0,4862.0
90,2020-04-21,171.0,5033.0
91,2020-04-22,246.0,5279.0
92,2020-04-23,296.0,5575.0
93,2020-04-24,185.0,5760.0
94,2020-04-25,117.0,5877.0
95,2020-04-26,99.0,5976.0
96,2020-04-27,150.0,6126.0
97,2020-04-28,188.0,6314.0
98,2020-04-29,153.0,6467.0
99,2020-04-30,156.0,6623.0
100,2020-05-01,113.0,6736.0
101,2020-05-02,76.0,6812.0
102,2020-05-03,54.0,6866.0
103,2020-05-04,127.0,6993.0
104,2020-05-05,0.0,6993.0
105,2020-05-06,282.0,7275.0
106,2020-05-07,117.0,7392.0
107,2020-05-08,118.0,7510.0
108,2020-05-09,39.0,7549.0
109,2020-05-10,20.0,7569.0
110,2020-05-11,92.0,7661.0
111,2020-05-12,77.0,7738.0
112,2020-05-13,123.0,7861.0
113,2020-05-14,23.0,7884.0
114,2020-05-15,13.0,7897.0
115,2020-05-16,41.0,7938.0
116,2020-05-17,24.0,7962.0
117,2020-05-18,41.0,8003.0
118,2020-05-19,78.0,8081.0
119,2020-05-20,63.0,8144.0
120,2020-05-21,59.0,8203.0
121,2020-05-22,25.0,8228.0
122,2020-05-23,33.0,8261.0
123,2020-05-24,22.0,8283.0
124,2020-05-25,26.0,8309.0
125,2020-05-26,63.0,8372.0
126,2020-05-27,56.0,8428.0
127,2020-05-28,42.0,8470.0
128,2020-05-29,34.0,8504.0
129,2020-05-30,26.0,8530.0
130,2020-05-31,10.0,8540.0
131,2020-06-01,15.0,8555.0
132,2020-06-02,8.0,8563.0
133,2020-06-03,39.0,8602.0
134,2020-06-04,33.0,8635.0
135,2020-06-05,23.0,8658.0
136,2020-06-06,15.0,8673.0
137,2020-06-07,12.0,8685.0
138,2020-06-08,10.0,8695.0
139,2020-06-09,41.0,8736.0
140,2020-06-10,16.0,8752.0
141,2020-06-11,20.0,8772.0
142,2020-06-12,11.0,8783.0
143,2020-06-13,10.0,8793.0
144,2020-06-14,8.0,8801.0
145,2020-06-15,6.0,8807.0
146,2020-06-16,13.0,8820.0
147,2020-06-17,31.0,8851.0
148,2020-06-18,24.0,8875.0
149,2020-06-19,12.0,8887.0
150,2020-06-20,8.0,8895.0
151,2020-06-21,0.0,8895.0
152,2020-06-22,4.0,8899.0
153,2020-06-23,15.0,8914.0
154,2020-06-24,14.0,8928.0
155,2020-06-25,12.0,8940.0
156,2020-06-26,25.0,8965.0
157,2020-06-27,3.0,8968.0
158,2020-06-28,0.0,8968.0
159,2020-06-29,8.0,8976.0
160,2020-06-30,14.0,8990.0
161,2020-07-01,5.0,8995.0
162,2020-07-02,11.0,9006.0
163,2020-07-03,4.0,9010.0
164,2020-07-04,10.0,9020.0
165,2020-07-05,3.0,9023.0
166,2020-07-06,-1.0,9022.0
167,2020-07-07,10.0,9032.0
168,2020-07-08,14.0,9046.0
169,2020-07-09,11.0,9057.0
170,2020-07-10,6.0,9063.0
171,2020-07-11,7.0,9070.0
172,2020-07-12,1.0,9071.0
173,2020-07-13,3.0,9074.0
174,2020-07-14,4.0,9078.0
175,2020-07-15,2.0,9080.0
176,2020-07-16,7.0,9087.0
177,2020-07-17,1.0,9088.0
178,2020-07-18,3.0,9091.0
179,2020-07-19,1.0,9092.0
180,2020-07-20,2.0,9094.0
181,2020-07-21,5.0,9099.0
182,2020-07-22,3.0,9102.0
183,2020-07-23,8.0,9110.0
184,2020-07-24,10.0,9120.0
185,2020-07-25,4.0,9124.0
186,2020-07-26,0.0,9124.0
187,2020-07-27,1.0,9125.0
188,2020-07-28,6.0,9131.0
189,2020-07-29,4.0,9135.0
190,2020-07-30,9.0,9144.0
191,2020-07-31,3.0,9147.0
192,2020-08-01,7.0,9154.0
193,2020-08-02,0.0,9154.0
194,2020-08-03,0.0,9154.0
195,2020-08-04,9.0,9163.0
196,2020-08-05,16.0,9179.0
197,2020-08-06,2.0,9181.0
198,2020-08-07,14.0,9195.0
199,2020-08-08,6.0,9201.0
200,2020-08-09,1.0,9202.0
201,2020-08-10,1.0,9203.0
202,2020-08-11,5.0,9208.0
203,2020-08-12,5.0,9213.0
204,2020-08-13,4.0,9217.0
205,2020-08-14,13.0,9230.0
206,2020-08-15,5.0,9235.0
207,2020-08-16,0.0,9235.0
208,2020-08-17,1.0,9236.0
209,2020-08-18,5.0,9241.0
210,2020-08-19,8.0,9249.0
211,2020-08-20,14.0,9263.0
212,2020-08-21,3.0,9266.0
213,2020-08-22,6.0,9272.0
214,2020-08-23,3.0,9275.0
215,2020-08-24,1.0,9276.0
216,2020-08-25,5.0,9281.0
217,2020-08-26,4.0,9285.0
218,2020-08-27,5.0,9290.0
219,2020-08-28,0.0,9290.0
220,2020-08-29,9.0,9299.0
221,2020-08-30,1.0,9300.0
222,2020-08-31,3.0,9303.0
223,2020-09-01,4.0,9307.0
224,2020-09-02,15.0,9322.0
225,2020-09-03,0.0,9322.0
226,2020-09-04,5.0,9327.0
227,2020-09-05,2.0,9329.0
228,2020-09-06,1.0,9330.0
229,2020-09-07,1.0,9331.0
230,2020-09-08,5.0,9336.0
231,2020-09-09,6.0,9342.0
232,2020-09-10,3.0,9345.0
233,2020-09-11,3.0,9348.0
234,2020-09-12,4.0,9352.0
235,2020-09-13,2.0,9354.0
236,2020-09-14,2.0,9356.0
237,2020-09-15,11.0,9367.0
238,2020-09-16,6.0,9373.0
239,2020-09-17,3.0,9376.0
240,2020-09-18,10.0,9386.0
241,2020-09-19,2.0,9388.0
242,2020-09-20,2.0,9390.0
243,2020-09-21,0.0,9390.0
244,2020-09-22,15.0,9405.0
245,2020-09-23,18.0,9423.0
246,2020-09-24,13.0,9436.0
247,2020-09-25,15.0,9451.0
248,2020-09-26,8.0,9459.0
249,2020-09-27,5.0,9464.0
250,2020-09-28,4.0,9468.0
251,2020-09-29,15.0,9483.0
252,2020-09-30,12.0,9495.0
253,2020-10-01,14.0,9509.0
254,2020-10-02,9.0,9518.0
255,2020-10-03,13.0,9531.0
256,2020-10-04,2.0,9533.0
257,2020-10-05,21.0,9554.0
258,2020-10-06,12.0,9566.0
259,2020-10-07,16.0,9582.0
260,2020-10-08,12.0,9594.0
261,2020-10-09,5.0,9599.0
262,2020-10-10,21.0,9620.0
263,2020-10-11,6.0,9626.0
264,2020-10-12,14.0,9640.0
265,2020-10-13,42.0,9682.0
266,2020-10-14,34.0,9716.0
267,2020-10-15,23.0,9739.0
268,2020-10-16,34.0,9773.0
269,2020-10-17,12.0,9785.0
270,2020-10-18,13.0,9798.0
271,2020-10-19,44.0,9842.0
272,2020-10-20,40.0,9882.0
273,2020-10-21,29.0,9911.0
274,2020-10-22,49.0,9960.0
275,2020-10-23,18.0,9978.0
276,2020-10-24,57.0,10035.0
277,2020-10-25,27.0,10062.0
278,2020-10-26,29.0,10091.0
279,2020-10-27,30.0,10121.0
280,2020-10-28,97.0,10218.0
281,2020-10-29,87.0,10305.0
282,2020-10-30,86.0,10391.0
283,2020-10-31,92.0,10483.0
284,2020-11-01,30.0,10513.0
285,2020-11-02,156.0,10669.0
286,2020-11-03,48.0,10717.0
287,2020-11-04,232.0,10949.0
288,2020-11-05,161.0,11110.0
289,2020-11-06,130.0,11240.0
290,2020-11-07,66.0,11306.0
291,2020-11-08,66.0,11372.0
292,2020-11-09,36.0,11408.0
293,2020-11-10,373.0,11781.0
294,2020-11-11,213.0,11994.0
295,2020-11-12,222.0,12216.0
296,2020-11-13,188.0,12404.0
297,2020-11-14,107.0,12511.0
298,2020-11-15,62.0,12573.0
299,2020-11-16,260.0,12833.0
300,2020-11-17,305.0,13138.0
301,2020-11-18,252.0,13390.0
302,2020-11-19,272.0,13662.0
303,2020-11-20,256.0,13918.0
304,2020-11-21,143.0,14061.0
305,2020-11-22,98.0,14159.0
306,2020-11-23,301.0,14460.0
307,2020-11-24,372.0,14832.0
308,2020-11-25,378.0,15210.0
309,2020-11-26,430.0,15640.0
310,2020-11-27,371.0,16011.0
311,2020-11-28,170.0,16181.0
312,2020-11-29,125.0,16306.0
313,2020-11-30,388.0,16694.0
314,2020-12-01,483.0,17177.0
315,2020-12-02,482.0,17659.0
316,2020-12-03,438.0,18097.0
317,2020-12-04,480.0,18577.0
318,2020-12-05,262.0,18839.0
319,2020-12-06,150.0,18989.0
320,2020-12-07,445.0,19434.0
321,2020-12-08,568.0,20002.0
322,2020-12-09,458.0,20460.0
323,2020-12-10,604.0,21064.0
324,2020-12-11,503.0,21567.0
325,2020-12-12,333.0,21900.0
326,2020-12-13,206.0,22106.0
327,2020-12-14,528.0,22634.0
328,2020-12-15,910.0,23544.0
329,2020-12-16,729.0,24273.0
330,2020-12-17,754.0,25027.0
331,2020-12-18,727.0,25754.0
332,2020-12-19,417.0,26171.0
333,2020-12-20,229.0,26400.0
334,2020-12-21,710.0,27110.0
335,2020-12-22,986.0,28096.0
336,2020-12-23,813.0,28909.0
337,2020-12-24,421.0,29330.0
338,2020-12-25,250.0,29580.0
339,2020-12-26,366.0,29946.0
340,2020-12-27,351.0,30297.0
341,2020-12-28,848.0,31145.0
342,2020-12-29,1122.0,32267.0
343,2020-12-30,963.0,33230.0
344,2020-12-31,561.0,33791.0
345,2021-01-01,354.0,34145.0
346,2021-01-02,335.0,34480.0
347,2021-01-03,311.0,34791.0
348,2021-01-04,957.0,35748.0
349,2021-01-05,1009.0,36757.0
350,2021-01-06,1078.0,37835.0
351,2021-01-07,1152.0,38987.0
352,2021-01-08,1035.0,40022.0
353,2021-01-09,575.0,40597.0
354,2021-01-10,339.0,40936.0
355,2021-01-11,863.0,41799.0
356,2021-01-12,1090.0,42889.0
357,2021-01-13,1207.0,44096.0
358,2021-01-14,1111.0,45207.0
359,2021-01-15,498.0,45705.0
360,2021-01-16,759.0,46464.0
361,2021-01-17,437.0,46901.0
362,2021-01-18,362.0,47263.0
363,2021-01-19,1734.0,48997.0
364,2021-01-20,1013.0,50010.0
365,2021-01-21,866.0,50876.0
366,2021-01-22,837.0,51713.0
367,2021-01-23,160.0,51873.0
368,2021-01-24,423.0,52296.0
369,2021-01-25,831.0,53127.0
370,2021-01-26,492.0,53619.0
371,2021-01-27,879.0,54498.0
372,2021-01-28,1385.0,55883.0
373,2021-01-29,403.0,56286.0
374,2021-01-30,819.0,57105.0
375,2021-01-31,58.0,57163.0
376,2021-02-01,896.0,58059.0
377,2021-02-02,933.0,58992.0
378,2021-02-03,784.0,59776.0
379,2021-02-04,858.0,60634.0
380,2021-02-05,690.0,61324.0
381,2021-02-06,227.0,61551.0
382,2021-02-07,157.0,61708.0
383,2021-02-08,483.0,62191.0
384,2021-02-09,815.0,63006.0
385,2021-02-10,666.0,63672.0
386,2021-02-11,552.0,64224.0
387,2021-02-12,547.0,64771.0
388,2021-02-13,219.0,64990.0
389,2021-02-14,117.0,65107.0
390,2021-02-15,181.0,65288.0
391,2021-02-16,541.0,65829.0
392,2021-02-17,903.0,66732.0
