,dates,cases,cumul
0,2020-01-22,0.0,0.0
1,2020-01-23,0.0,0.0
2,2020-01-24,0.0,0.0
3,2020-01-25,0.0,0.0
4,2020-01-26,0.0,0.0
5,2020-01-27,0.0,0.0
6,2020-01-28,0.0,0.0
7,2020-01-29,0.0,0.0
8,2020-01-30,0.0,0.0
9,2020-01-31,0.0,0.0
10,2020-02-01,0.0,0.0
11,2020-02-02,0.0,0.0
12,2020-02-03,0.0,0.0
13,2020-02-04,0.0,0.0
14,2020-02-05,0.0,0.0
15,2020-02-06,0.0,0.0
16,2020-02-07,0.0,0.0
17,2020-02-08,0.0,0.0
18,2020-02-09,0.0,0.0
19,2020-02-10,0.0,0.0
20,2020-02-11,0.0,0.0
21,2020-02-12,0.0,0.0
22,2020-02-13,0.0,0.0
23,2020-02-14,0.0,0.0
24,2020-02-15,0.0,0.0
25,2020-02-16,0.0,0.0
26,2020-02-17,0.0,0.0
27,2020-02-18,0.0,0.0
28,2020-02-19,0.0,0.0
29,2020-02-20,0.0,0.0
30,2020-02-21,1.0,1.0
31,2020-02-22,1.0,2.0
32,2020-02-23,1.0,3.0
33,2020-02-24,4.0,7.0
34,2020-02-25,3.0,10.0
35,2020-02-26,2.0,12.0
36,2020-02-27,5.0,17.0
37,2020-02-28,4.0,21.0
38,2020-02-29,8.0,29.0
39,2020-03-01,5.0,34.0
40,2020-03-02,18.0,52.0
41,2020-03-03,27.0,79.0
42,2020-03-04,28.0,107.0
43,2020-03-05,41.0,148.0
44,2020-03-06,49.0,197.0
45,2020-03-07,36.0,233.0
46,2020-03-08,133.0,366.0
47,2020-03-09,97.0,463.0
48,2020-03-10,168.0,631.0
49,2020-03-11,196.0,827.0
50,2020-03-12,189.0,1016.0
51,2020-03-13,250.0,1266.0
52,2020-03-14,175.0,1441.0
53,2020-03-15,368.0,1809.0
54,2020-03-16,349.0,2158.0
55,2020-03-17,345.0,2503.0
56,2020-03-18,475.0,2978.0
57,2020-03-19,427.0,3405.0
58,2020-03-20,627.0,4032.0
59,2020-03-21,793.0,4825.0
60,2020-03-22,651.0,5476.0
61,2020-03-23,601.0,6077.0
62,2020-03-24,743.0,6820.0
63,2020-03-25,683.0,7503.0
64,2020-03-26,712.0,8215.0
65,2020-03-27,919.0,9134.0
66,2020-03-28,889.0,10023.0
67,2020-03-29,756.0,10779.0
68,2020-03-30,812.0,11591.0
69,2020-03-31,837.0,12428.0
70,2020-04-01,727.0,13155.0
71,2020-04-02,760.0,13915.0
72,2020-04-03,766.0,14681.0
73,2020-04-04,681.0,15362.0
74,2020-04-05,525.0,15887.0
75,2020-04-06,636.0,16523.0
76,2020-04-07,604.0,17127.0
77,2020-04-08,542.0,17669.0
78,2020-04-09,610.0,18279.0
79,2020-04-10,570.0,18849.0
80,2020-04-11,619.0,19468.0
81,2020-04-12,431.0,19899.0
82,2020-04-13,566.0,20465.0
83,2020-04-14,602.0,21067.0
84,2020-04-15,578.0,21645.0
85,2020-04-16,525.0,22170.0
86,2020-04-17,575.0,22745.0
87,2020-04-18,482.0,23227.0
88,2020-04-19,433.0,23660.0
89,2020-04-20,454.0,24114.0
90,2020-04-21,534.0,24648.0
91,2020-04-22,437.0,25085.0
92,2020-04-23,464.0,25549.0
93,2020-04-24,420.0,25969.0
94,2020-04-25,415.0,26384.0
95,2020-04-26,260.0,26644.0
96,2020-04-27,333.0,26977.0
97,2020-04-28,382.0,27359.0
98,2020-04-29,323.0,27682.0
99,2020-04-30,285.0,27967.0
100,2020-05-01,269.0,28236.0
101,2020-05-02,474.0,28710.0
102,2020-05-03,174.0,28884.0
103,2020-05-04,195.0,29079.0
104,2020-05-05,236.0,29315.0
105,2020-05-06,369.0,29684.0
106,2020-05-07,274.0,29958.0
107,2020-05-08,243.0,30201.0
108,2020-05-09,194.0,30395.0
109,2020-05-10,165.0,30560.0
110,2020-05-11,179.0,30739.0
111,2020-05-12,172.0,30911.0
112,2020-05-13,195.0,31106.0
113,2020-05-14,262.0,31368.0
114,2020-05-15,242.0,31610.0
115,2020-05-16,153.0,31763.0
116,2020-05-17,145.0,31908.0
117,2020-05-18,99.0,32007.0
118,2020-05-19,162.0,32169.0
119,2020-05-20,161.0,32330.0
120,2020-05-21,156.0,32486.0
121,2020-05-22,130.0,32616.0
122,2020-05-23,119.0,32735.0
123,2020-05-24,50.0,32785.0
124,2020-05-25,92.0,32877.0
125,2020-05-26,78.0,32955.0
126,2020-05-27,117.0,33072.0
127,2020-05-28,70.0,33142.0
128,2020-05-29,87.0,33229.0
129,2020-05-30,111.0,33340.0
130,2020-05-31,75.0,33415.0
131,2020-06-01,60.0,33475.0
132,2020-06-02,55.0,33530.0
133,2020-06-03,71.0,33601.0
134,2020-06-04,88.0,33689.0
135,2020-06-05,85.0,33774.0
136,2020-06-06,72.0,33846.0
137,2020-06-07,53.0,33899.0
138,2020-06-08,65.0,33964.0
139,2020-06-09,79.0,34043.0
140,2020-06-10,71.0,34114.0
141,2020-06-11,53.0,34167.0
142,2020-06-12,56.0,34223.0
143,2020-06-13,78.0,34301.0
144,2020-06-14,44.0,34345.0
145,2020-06-15,26.0,34371.0
146,2020-06-16,34.0,34405.0
147,2020-06-17,43.0,34448.0
148,2020-06-18,66.0,34514.0
149,2020-06-19,47.0,34561.0
150,2020-06-20,49.0,34610.0
151,2020-06-21,24.0,34634.0
152,2020-06-22,23.0,34657.0
153,2020-06-23,18.0,34675.0
154,2020-06-24,-31.0,34644.0
155,2020-06-25,34.0,34678.0
156,2020-06-26,30.0,34708.0
157,2020-06-27,8.0,34716.0
158,2020-06-28,22.0,34738.0
159,2020-06-29,6.0,34744.0
160,2020-06-30,23.0,34767.0
161,2020-07-01,21.0,34788.0
162,2020-07-02,30.0,34818.0
163,2020-07-03,15.0,34833.0
164,2020-07-04,21.0,34854.0
165,2020-07-05,7.0,34861.0
166,2020-07-06,8.0,34869.0
167,2020-07-07,30.0,34899.0
168,2020-07-08,15.0,34914.0
169,2020-07-09,12.0,34926.0
170,2020-07-10,12.0,34938.0
171,2020-07-11,7.0,34945.0
172,2020-07-12,9.0,34954.0
173,2020-07-13,13.0,34967.0
174,2020-07-14,17.0,34984.0
175,2020-07-15,13.0,34997.0
176,2020-07-16,20.0,35017.0
177,2020-07-17,11.0,35028.0
178,2020-07-18,14.0,35042.0
179,2020-07-19,3.0,35045.0
180,2020-07-20,13.0,35058.0
181,2020-07-21,15.0,35073.0
182,2020-07-22,9.0,35082.0
183,2020-07-23,10.0,35092.0
184,2020-07-24,5.0,35097.0
185,2020-07-25,5.0,35102.0
186,2020-07-26,5.0,35107.0
187,2020-07-27,5.0,35112.0
188,2020-07-28,11.0,35123.0
189,2020-07-29,6.0,35129.0
190,2020-07-30,3.0,35132.0
191,2020-07-31,9.0,35141.0
192,2020-08-01,5.0,35146.0
193,2020-08-02,8.0,35154.0
194,2020-08-03,12.0,35166.0
195,2020-08-04,5.0,35171.0
196,2020-08-05,10.0,35181.0
197,2020-08-06,6.0,35187.0
198,2020-08-07,3.0,35190.0
199,2020-08-08,13.0,35203.0
200,2020-08-09,2.0,35205.0
201,2020-08-10,4.0,35209.0
202,2020-08-11,6.0,35215.0
203,2020-08-12,10.0,35225.0
204,2020-08-13,6.0,35231.0
205,2020-08-14,3.0,35234.0
206,2020-08-15,158.0,35392.0
207,2020-08-16,4.0,35396.0
208,2020-08-17,4.0,35400.0
209,2020-08-18,5.0,35405.0
210,2020-08-19,7.0,35412.0
211,2020-08-20,6.0,35418.0
212,2020-08-21,9.0,35427.0
213,2020-08-22,3.0,35430.0
214,2020-08-23,7.0,35437.0
215,2020-08-24,4.0,35441.0
216,2020-08-25,4.0,35445.0
217,2020-08-26,13.0,35458.0
218,2020-08-27,5.0,35463.0
219,2020-08-28,9.0,35472.0
220,2020-08-29,1.0,35473.0
221,2020-08-30,4.0,35477.0
222,2020-08-31,6.0,35483.0
223,2020-09-01,8.0,35491.0
224,2020-09-02,6.0,35497.0
225,2020-09-03,10.0,35507.0
226,2020-09-04,11.0,35518.0
227,2020-09-05,16.0,35534.0
228,2020-09-06,7.0,35541.0
229,2020-09-07,12.0,35553.0
230,2020-09-08,10.0,35563.0
231,2020-09-09,14.0,35577.0
232,2020-09-10,10.0,35587.0
233,2020-09-11,10.0,35597.0
234,2020-09-12,6.0,35603.0
235,2020-09-13,7.0,35610.0
236,2020-09-14,14.0,35624.0
237,2020-09-15,9.0,35633.0
238,2020-09-16,12.0,35645.0
239,2020-09-17,13.0,35658.0
240,2020-09-18,10.0,35668.0
241,2020-09-19,24.0,35692.0
242,2020-09-20,15.0,35707.0
243,2020-09-21,17.0,35724.0
244,2020-09-22,14.0,35738.0
245,2020-09-23,20.0,35758.0
246,2020-09-24,23.0,35781.0
247,2020-09-25,20.0,35801.0
248,2020-09-26,17.0,35818.0
249,2020-09-27,17.0,35835.0
250,2020-09-28,16.0,35851.0
251,2020-09-29,24.0,35875.0
252,2020-09-30,19.0,35894.0
253,2020-10-01,24.0,35918.0
254,2020-10-02,23.0,35941.0
255,2020-10-03,27.0,35968.0
256,2020-10-04,18.0,35986.0
257,2020-10-05,16.0,36002.0
258,2020-10-06,28.0,36030.0
259,2020-10-07,31.0,36061.0
260,2020-10-08,22.0,36083.0
261,2020-10-09,28.0,36111.0
262,2020-10-10,29.0,36140.0
263,2020-10-11,26.0,36166.0
264,2020-10-12,39.0,36205.0
265,2020-10-13,41.0,36246.0
266,2020-10-14,43.0,36289.0
267,2020-10-15,83.0,36372.0
268,2020-10-16,55.0,36427.0
269,2020-10-17,47.0,36474.0
270,2020-10-18,69.0,36543.0
271,2020-10-19,73.0,36616.0
272,2020-10-20,89.0,36705.0
273,2020-10-21,127.0,36832.0
274,2020-10-22,136.0,36968.0
275,2020-10-23,91.0,37059.0
276,2020-10-24,151.0,37210.0
277,2020-10-25,128.0,37338.0
278,2020-10-26,141.0,37479.0
279,2020-10-27,221.0,37700.0
280,2020-10-28,205.0,37905.0
281,2020-10-29,217.0,38122.0
282,2020-10-30,199.0,38321.0
283,2020-10-31,297.0,38618.0
284,2020-11-01,208.0,38826.0
285,2020-11-02,233.0,39059.0
286,2020-11-03,353.0,39412.0
287,2020-11-04,352.0,39764.0
288,2020-11-05,428.0,40192.0
289,2020-11-06,446.0,40638.0
290,2020-11-07,425.0,41063.0
291,2020-11-08,331.0,41394.0
292,2020-11-09,356.0,41750.0
293,2020-11-10,580.0,42330.0
294,2020-11-11,623.0,42953.0
295,2020-11-12,636.0,43589.0
296,2020-11-13,550.0,44139.0
297,2020-11-14,544.0,44683.0
298,2020-11-15,546.0,45229.0
299,2020-11-16,504.0,45733.0
300,2020-11-17,731.0,46464.0
301,2020-11-18,753.0,47217.0
302,2020-11-19,653.0,47870.0
303,2020-11-20,699.0,48569.0
304,2020-11-21,692.0,49261.0
305,2020-11-22,562.0,49823.0
306,2020-11-23,630.0,50453.0
307,2020-11-24,853.0,51306.0
308,2020-11-25,722.0,52028.0
309,2020-11-26,822.0,52850.0
310,2020-11-27,827.0,53677.0
311,2020-11-28,686.0,54363.0
312,2020-11-29,541.0,54904.0
313,2020-11-30,672.0,55576.0
314,2020-12-01,785.0,56361.0
315,2020-12-02,684.0,57045.0
316,2020-12-03,993.0,58038.0
317,2020-12-04,814.0,58852.0
318,2020-12-05,662.0,59514.0
319,2020-12-06,564.0,60078.0
320,2020-12-07,528.0,60606.0
321,2020-12-08,634.0,61240.0
322,2020-12-09,499.0,61739.0
323,2020-12-10,887.0,62626.0
324,2020-12-11,761.0,63387.0
325,2020-12-12,649.0,64036.0
326,2020-12-13,484.0,64520.0
327,2020-12-14,491.0,65011.0
328,2020-12-15,846.0,65857.0
329,2020-12-16,680.0,66537.0
330,2020-12-17,683.0,67220.0
331,2020-12-18,674.0,67894.0
332,2020-12-19,553.0,68447.0
333,2020-12-20,352.0,68799.0
334,2020-12-21,415.0,69214.0
335,2020-12-22,628.0,69842.0
336,2020-12-23,553.0,70395.0
337,2020-12-24,505.0,70900.0
338,2020-12-25,459.0,71359.0
339,2020-12-26,261.0,71620.0
340,2020-12-27,305.0,71925.0
341,2020-12-28,445.0,72370.0
342,2020-12-29,659.0,73029.0
343,2020-12-30,575.0,73604.0
344,2020-12-31,555.0,74159.0
345,2021-01-01,462.0,74621.0
346,2021-01-02,364.0,74985.0
347,2021-01-03,347.0,75332.0
348,2021-01-04,348.0,75680.0
349,2021-01-05,649.0,76329.0
350,2021-01-06,548.0,76877.0
351,2021-01-07,414.0,77291.0
352,2021-01-08,620.0,77911.0
353,2021-01-09,483.0,78394.0
354,2021-01-10,361.0,78755.0
355,2021-01-11,448.0,79203.0
356,2021-01-12,616.0,79819.0
357,2021-01-13,507.0,80326.0
358,2021-01-14,522.0,80848.0
359,2021-01-15,477.0,81325.0
360,2021-01-16,475.0,81800.0
361,2021-01-17,377.0,82177.0
362,2021-01-18,377.0,82554.0
363,2021-01-19,603.0,83157.0
364,2021-01-20,524.0,83681.0
365,2021-01-21,521.0,84202.0
366,2021-01-22,472.0,84674.0
367,2021-01-23,488.0,85162.0
368,2021-01-24,299.0,85461.0
369,2021-01-25,420.0,85881.0
370,2021-01-26,541.0,86422.0
371,2021-01-27,467.0,86889.0
372,2021-01-28,492.0,87381.0
373,2021-01-29,477.0,87858.0
374,2021-01-30,421.0,88279.0
375,2021-01-31,237.0,88516.0
376,2021-02-01,329.0,88845.0
377,2021-02-02,499.0,89344.0
378,2021-02-03,476.0,89820.0
379,2021-02-04,421.0,90241.0
380,2021-02-05,377.0,90618.0
381,2021-02-06,385.0,91003.0
382,2021-02-07,270.0,91273.0
383,2021-02-08,307.0,91580.0
384,2021-02-09,422.0,92002.0
385,2021-02-10,336.0,92338.0
386,2021-02-11,391.0,92729.0
387,2021-02-12,316.0,93045.0
388,2021-02-13,311.0,93356.0
389,2021-02-14,221.0,93577.0
390,2021-02-15,258.0,93835.0
391,2021-02-16,336.0,94171.0
392,2021-02-17,369.0,94540.0
