,dates,cases,cumul
0,2020-01-22,0.0,0.0
1,2020-01-23,0.0,0.0
2,2020-01-24,0.0,0.0
3,2020-01-25,0.0,0.0
4,2020-01-26,0.0,0.0
5,2020-01-27,0.0,0.0
6,2020-01-28,0.0,0.0
7,2020-01-29,0.0,0.0
8,2020-01-30,0.0,0.0
9,2020-01-31,0.0,0.0
10,2020-02-01,0.0,0.0
11,2020-02-02,0.0,0.0
12,2020-02-03,0.0,0.0
13,2020-02-04,0.0,0.0
14,2020-02-05,0.0,0.0
15,2020-02-06,0.0,0.0
16,2020-02-07,0.0,0.0
17,2020-02-08,0.0,0.0
18,2020-02-09,0.0,0.0
19,2020-02-10,0.0,0.0
20,2020-02-11,0.0,0.0
21,2020-02-12,0.0,0.0
22,2020-02-13,0.0,0.0
23,2020-02-14,0.0,0.0
24,2020-02-15,0.0,0.0
25,2020-02-16,0.0,0.0
26,2020-02-17,0.0,0.0
27,2020-02-18,0.0,0.0
28,2020-02-19,0.0,0.0
29,2020-02-20,0.0,0.0
30,2020-02-21,0.0,0.0
31,2020-02-22,0.0,0.0
32,2020-02-23,0.0,0.0
33,2020-02-24,0.0,0.0
34,2020-02-25,0.0,0.0
35,2020-02-26,0.0,0.0
36,2020-02-27,0.0,0.0
37,2020-02-28,0.0,0.0
38,2020-02-29,0.0,0.0
39,2020-03-01,0.0,0.0
40,2020-03-02,0.0,0.0
41,2020-03-03,0.0,0.0
42,2020-03-04,0.0,0.0
43,2020-03-05,0.0,0.0
44,2020-03-06,1.0,1.0
45,2020-03-07,0.0,1.0
46,2020-03-08,2.0,3.0
47,2020-03-09,0.0,3.0
48,2020-03-10,1.0,4.0
49,2020-03-11,1.0,5.0
50,2020-03-12,0.0,5.0
51,2020-03-13,5.0,10.0
52,2020-03-14,2.0,12.0
53,2020-03-15,8.0,20.0
54,2020-03-16,4.0,24.0
55,2020-03-17,19.0,43.0
56,2020-03-18,15.0,58.0
57,2020-03-19,19.0,77.0
58,2020-03-20,30.0,107.0
59,2020-03-21,30.0,137.0
60,2020-03-22,43.0,180.0
61,2020-03-23,34.0,214.0
62,2020-03-24,63.0,277.0
63,2020-03-25,80.0,357.0
64,2020-03-26,78.0,435.0
65,2020-03-27,112.0,547.0
66,2020-03-28,93.0,640.0
67,2020-03-29,132.0,772.0
68,2020-03-30,93.0,865.0
69,2020-03-31,175.0,1040.0
70,2020-04-01,135.0,1175.0
71,2020-04-02,166.0,1341.0
72,2020-04-03,149.0,1490.0
73,2020-04-04,166.0,1656.0
74,2020-04-05,115.0,1771.0
75,2020-04-06,103.0,1874.0
76,2020-04-07,234.0,2108.0
77,2020-04-08,147.0,2255.0
78,2020-04-09,148.0,2403.0
79,2020-04-10,117.0,2520.0
80,2020-04-11,133.0,2653.0
81,2020-04-12,94.0,2747.0
82,2020-04-13,86.0,2833.0
83,2020-04-14,122.0,2955.0
84,2020-04-15,190.0,3145.0
85,2020-04-16,182.0,3327.0
86,2020-04-17,144.0,3471.0
87,2020-04-18,142.0,3613.0
88,2020-04-19,84.0,3697.0
89,2020-04-20,67.0,3764.0
90,2020-04-21,165.0,3929.0
91,2020-04-22,139.0,4068.0
92,2020-04-23,124.0,4192.0
93,2020-04-24,112.0,4304.0
94,2020-04-25,120.0,4424.0
95,2020-04-26,67.0,4491.0
96,2020-04-27,43.0,4534.0
97,2020-04-28,48.0,4582.0
98,2020-04-29,145.0,4727.0
99,2020-04-30,84.0,4811.0
100,2020-05-01,98.0,4909.0
101,2020-05-02,94.0,5003.0
102,2020-05-03,69.0,5072.0
103,2020-05-04,26.0,5098.0
104,2020-05-05,87.0,5185.0
105,2020-05-06,36.0,5221.0
106,2020-05-07,85.0,5306.0
107,2020-05-08,71.0,5377.0
108,2020-05-09,64.0,5441.0
109,2020-05-10,18.0,5459.0
110,2020-05-11,16.0,5475.0
111,2020-05-12,54.0,5529.0
112,2020-05-13,52.0,5581.0
113,2020-05-14,28.0,5609.0
114,2020-05-15,53.0,5662.0
115,2020-05-16,27.0,5689.0
116,2020-05-17,10.0,5699.0
117,2020-05-18,14.0,5713.0
118,2020-05-19,21.0,5734.0
119,2020-05-20,33.0,5767.0
120,2020-05-21,27.0,5794.0
121,2020-05-22,13.0,5807.0
122,2020-05-23,23.0,5830.0
123,2020-05-24,11.0,5841.0
124,2020-05-25,8.0,5849.0
125,2020-05-26,26.0,5875.0
126,2020-05-27,15.0,5890.0
127,2020-05-28,32.0,5922.0
128,2020-05-29,28.0,5950.0
129,2020-05-30,20.0,5970.0
130,2020-05-31,5.0,5975.0
131,2020-06-01,6.0,5981.0
132,2020-06-02,5.0,5986.0
133,2020-06-03,10.0,5996.0
134,2020-06-04,13.0,6009.0
135,2020-06-05,15.0,6024.0
136,2020-06-06,6.0,6030.0
137,2020-06-07,2.0,6032.0
138,2020-06-08,3.0,6035.0
139,2020-06-09,15.0,6050.0
140,2020-06-10,11.0,6061.0
141,2020-06-11,2.0,6063.0
142,2020-06-12,9.0,6072.0
143,2020-06-13,4.0,6076.0
144,2020-06-14,2.0,6078.0
145,2020-06-15,6.0,6084.0
146,2020-06-16,5.0,6089.0
147,2020-06-17,4.0,6093.0
148,2020-06-18,4.0,6097.0
149,2020-06-19,3.0,6100.0
150,2020-06-20,8.0,6108.0
151,2020-06-21,1.0,6109.0
152,2020-06-22,0.0,6109.0
153,2020-06-23,5.0,6114.0
154,2020-06-24,2.0,6116.0
155,2020-06-25,3.0,6119.0
156,2020-06-26,3.0,6122.0
157,2020-06-27,2.0,6124.0
158,2020-06-28,0.0,6124.0
159,2020-06-29,2.0,6126.0
160,2020-06-30,6.0,6132.0
161,2020-07-01,2.0,6134.0
162,2020-07-02,3.0,6137.0
163,2020-07-03,2.0,6139.0
164,2020-07-04,6.0,6145.0
165,2020-07-05,1.0,6146.0
166,2020-07-06,1.0,6147.0
167,2020-07-07,4.0,6151.0
168,2020-07-08,3.0,6154.0
169,2020-07-09,2.0,6156.0
170,2020-07-10,-1.0,6155.0
171,2020-07-11,1.0,6156.0
172,2020-07-12,0.0,6156.0
173,2020-07-13,0.0,6156.0
174,2020-07-14,-2.0,6154.0
175,2020-07-15,1.0,6155.0
176,2020-07-16,1.0,6156.0
177,2020-07-17,1.0,6157.0
178,2020-07-18,-2.0,6155.0
179,2020-07-19,0.0,6155.0
180,2020-07-20,0.0,6155.0
181,2020-07-21,0.0,6155.0
182,2020-07-22,3.0,6158.0
183,2020-07-23,0.0,6158.0
184,2020-07-24,0.0,6158.0
185,2020-07-25,1.0,6159.0
186,2020-07-26,19.0,6178.0
187,2020-07-27,-18.0,6160.0
188,2020-07-28,4.0,6164.0
189,2020-07-29,2.0,6166.0
190,2020-07-30,0.0,6166.0
191,2020-07-31,0.0,6166.0
192,2020-08-01,1.0,6167.0
193,2020-08-02,2.0,6169.0
194,2020-08-03,0.0,6169.0
195,2020-08-04,1.0,6170.0
196,2020-08-05,3.0,6173.0
197,2020-08-06,0.0,6173.0
198,2020-08-07,1.0,6174.0
199,2020-08-08,4.0,6178.0
200,2020-08-09,0.0,6178.0
201,2020-08-10,0.0,6178.0
202,2020-08-11,-16.0,6162.0
203,2020-08-12,20.0,6182.0
204,2020-08-13,5.0,6187.0
205,2020-08-14,2.0,6189.0
206,2020-08-15,2.0,6191.0
207,2020-08-16,3.0,6194.0
208,2020-08-17,0.0,6194.0
209,2020-08-18,3.0,6197.0
210,2020-08-19,7.0,6204.0
211,2020-08-20,11.0,6215.0
212,2020-08-21,4.0,6219.0
213,2020-08-22,6.0,6225.0
214,2020-08-23,0.0,6225.0
215,2020-08-24,2.0,6227.0
216,2020-08-25,6.0,6233.0
217,2020-08-26,8.0,6241.0
218,2020-08-27,3.0,6244.0
219,2020-08-28,3.0,6247.0
220,2020-08-29,5.0,6252.0
221,2020-08-30,0.0,6252.0
222,2020-08-31,0.0,6252.0
223,2020-09-01,8.0,6260.0
224,2020-09-02,7.0,6267.0
225,2020-09-03,1.0,6268.0
226,2020-09-04,2.0,6270.0
227,2020-09-05,5.0,6275.0
228,2020-09-06,2.0,6277.0
229,2020-09-07,1.0,6278.0
230,2020-09-08,1.0,6279.0
231,2020-09-09,2.0,6281.0
232,2020-09-10,4.0,6285.0
233,2020-09-11,5.0,6290.0
234,2020-09-12,1.0,6291.0
235,2020-09-13,1.0,6292.0
236,2020-09-14,4.0,6296.0
237,2020-09-15,4.0,6300.0
238,2020-09-16,3.0,6303.0
239,2020-09-17,7.0,6310.0
240,2020-09-18,8.0,6318.0
241,2020-09-19,2.0,6320.0
242,2020-09-20,4.0,6324.0
243,2020-09-21,3.0,6327.0
244,2020-09-22,11.0,6338.0
245,2020-09-23,6.0,6344.0
246,2020-09-24,17.0,6361.0
247,2020-09-25,16.0,6377.0
248,2020-09-26,38.0,6415.0
249,2020-09-27,8.0,6423.0
250,2020-09-28,6.0,6429.0
251,2020-09-29,14.0,6443.0
252,2020-09-30,14.0,6457.0
253,2020-10-01,13.0,6470.0
254,2020-10-02,12.0,6482.0
255,2020-10-03,21.0,6503.0
256,2020-10-04,5.0,6508.0
257,2020-10-05,1.0,6509.0
258,2020-10-06,29.0,6538.0
259,2020-10-07,36.0,6574.0
260,2020-10-08,13.0,6587.0
261,2020-10-09,14.0,6601.0
262,2020-10-10,23.0,6624.0
263,2020-10-11,18.0,6642.0
264,2020-10-12,12.0,6654.0
265,2020-10-13,35.0,6689.0
266,2020-10-14,31.0,6720.0
267,2020-10-15,29.0,6749.0
268,2020-10-16,16.0,6765.0
269,2020-10-17,32.0,6797.0
270,2020-10-18,14.0,6811.0
271,2020-10-19,17.0,6828.0
272,2020-10-20,46.0,6874.0
273,2020-10-21,60.0,6934.0
274,2020-10-22,47.0,6981.0
275,2020-10-23,45.0,7026.0
276,2020-10-24,55.0,7081.0
277,2020-10-25,27.0,7108.0
278,2020-10-26,26.0,7134.0
279,2020-10-27,70.0,7204.0
280,2020-10-28,61.0,7265.0
281,2020-10-29,56.0,7321.0
282,2020-10-30,87.0,7408.0
283,2020-10-31,51.0,7459.0
284,2020-11-01,39.0,7498.0
285,2020-11-02,29.0,7527.0
286,2020-11-03,113.0,7640.0
287,2020-11-04,108.0,7748.0
288,2020-11-05,88.0,7836.0
289,2020-11-06,118.0,7954.0
290,2020-11-07,74.0,8028.0
291,2020-11-08,44.0,8072.0
292,2020-11-09,40.0,8112.0
293,2020-11-10,99.0,8211.0
294,2020-11-11,75.0,8286.0
295,2020-11-12,89.0,8375.0
296,2020-11-13,55.0,8430.0
297,2020-11-14,86.0,8516.0
298,2020-11-15,43.0,8559.0
299,2020-11-16,44.0,8603.0
300,2020-11-17,86.0,8689.0
301,2020-11-18,83.0,8772.0
302,2020-11-19,74.0,8846.0
303,2020-11-20,52.0,8898.0
304,2020-11-21,48.0,8946.0
305,2020-11-22,21.0,8967.0
306,2020-11-23,54.0,9021.0
307,2020-11-24,90.0,9111.0
308,2020-11-25,74.0,9185.0
309,2020-11-26,75.0,9260.0
310,2020-11-27,83.0,9343.0
311,2020-11-28,60.0,9403.0
312,2020-11-29,23.0,9426.0
313,2020-11-30,27.0,9453.0
314,2020-12-01,65.0,9518.0
315,2020-12-02,66.0,9584.0
316,2020-12-03,61.0,9645.0
317,2020-12-04,59.0,9704.0
318,2020-12-05,39.0,9743.0
319,2020-12-06,25.0,9768.0
320,2020-12-07,18.0,9786.0
321,2020-12-08,71.0,9857.0
322,2020-12-09,66.0,9923.0
323,2020-12-10,62.0,9985.0
324,2020-12-11,66.0,10051.0
325,2020-12-12,53.0,10104.0
326,2020-12-13,30.0,10134.0
327,2020-12-14,34.0,10168.0
328,2020-12-15,86.0,10254.0
329,2020-12-16,79.0,10333.0
330,2020-12-17,75.0,10408.0
331,2020-12-18,84.0,10492.0
332,2020-12-19,54.0,10546.0
333,2020-12-20,32.0,10578.0
334,2020-12-21,28.0,10606.0
335,2020-12-22,114.0,10720.0
336,2020-12-23,105.0,10825.0
337,2020-12-24,89.0,10914.0
338,2020-12-25,101.0,11015.0
339,2020-12-26,47.0,11062.0
340,2020-12-27,28.0,11090.0
341,2020-12-28,45.0,11135.0
342,2020-12-29,170.0,11305.0
343,2020-12-30,112.0,11417.0
344,2020-12-31,108.0,11525.0
345,2021-01-01,99.0,11624.0
346,2021-01-02,36.0,11660.0
347,2021-01-03,47.0,11707.0
348,2021-01-04,63.0,11770.0
349,2021-01-05,152.0,11922.0
350,2021-01-06,174.0,12096.0
351,2021-01-07,86.0,12182.0
352,2021-01-08,87.0,12269.0
353,2021-01-09,137.0,12406.0
354,2021-01-10,55.0,12461.0
355,2021-01-11,51.0,12512.0
356,2021-01-12,152.0,12664.0
357,2021-01-13,122.0,12786.0
358,2021-01-14,89.0,12875.0
359,2021-01-15,94.0,12969.0
360,2021-01-16,97.0,13066.0
361,2021-01-17,41.0,13107.0
362,2021-01-18,50.0,13157.0
363,2021-01-19,107.0,13264.0
364,2021-01-20,86.0,13350.0
365,2021-01-21,89.0,13439.0
366,2021-01-22,89.0,13528.0
367,2021-01-23,88.0,13616.0
368,2021-01-24,30.0,13646.0
369,2021-01-25,40.0,13686.0
370,2021-01-26,86.0,13772.0
371,2021-01-27,69.0,13841.0
372,2021-01-28,84.0,13925.0
373,2021-01-29,56.0,13981.0
374,2021-01-30,88.0,14069.0
375,2021-01-31,39.0,14108.0
376,2021-02-01,27.0,14135.0
377,2021-02-02,83.0,14218.0
378,2021-02-03,63.0,14281.0
379,2021-02-04,65.0,14346.0
380,2021-02-05,61.0,14407.0
381,2021-02-06,61.0,14468.0
382,2021-02-07,48.0,14516.0
383,2021-02-08,27.0,14543.0
384,2021-02-09,86.0,14629.0
385,2021-02-10,81.0,14710.0
386,2021-02-11,72.0,14782.0
387,2021-02-12,65.0,14847.0
388,2021-02-13,66.0,14913.0
389,2021-02-14,23.0,14936.0
390,2021-02-15,27.0,14963.0
391,2021-02-16,87.0,15050.0
392,2021-02-17,88.0,15138.0
