,dates,cases,cumul
0,2020-01-22,0.0,0.0
1,2020-01-23,0.0,0.0
2,2020-01-24,0.0,0.0
3,2020-01-25,0.0,0.0
4,2020-01-26,0.0,0.0
5,2020-01-27,0.0,0.0
6,2020-01-28,0.0,0.0
7,2020-01-29,0.0,0.0
8,2020-01-30,0.0,0.0
9,2020-01-31,0.0,0.0
10,2020-02-01,0.0,0.0
11,2020-02-02,0.0,0.0
12,2020-02-03,0.0,0.0
13,2020-02-04,0.0,0.0
14,2020-02-05,0.0,0.0
15,2020-02-06,0.0,0.0
16,2020-02-07,0.0,0.0
17,2020-02-08,0.0,0.0
18,2020-02-09,0.0,0.0
19,2020-02-10,0.0,0.0
20,2020-02-11,0.0,0.0
21,2020-02-12,0.0,0.0
22,2020-02-13,0.0,0.0
23,2020-02-14,0.0,0.0
24,2020-02-15,0.0,0.0
25,2020-02-16,0.0,0.0
26,2020-02-17,0.0,0.0
27,2020-02-18,0.0,0.0
28,2020-02-19,0.0,0.0
29,2020-02-20,0.0,0.0
30,2020-02-21,0.0,0.0
31,2020-02-22,0.0,0.0
32,2020-02-23,0.0,0.0
33,2020-02-24,0.0,0.0
34,2020-02-25,0.0,0.0
35,2020-02-26,0.0,0.0
36,2020-02-27,0.0,0.0
37,2020-02-28,0.0,0.0
38,2020-02-29,0.0,0.0
39,2020-03-01,0.0,0.0
40,2020-03-02,0.0,0.0
41,2020-03-03,0.0,0.0
42,2020-03-04,0.0,0.0
43,2020-03-05,0.0,0.0
44,2020-03-06,0.0,0.0
45,2020-03-07,0.0,0.0
46,2020-03-08,0.0,0.0
47,2020-03-09,0.0,0.0
48,2020-03-10,0.0,0.0
49,2020-03-11,0.0,0.0
50,2020-03-12,0.0,0.0
51,2020-03-13,0.0,0.0
52,2020-03-14,0.0,0.0
53,2020-03-15,0.0,0.0
54,2020-03-16,0.0,0.0
55,2020-03-17,0.0,0.0
56,2020-03-18,0.0,0.0
57,2020-03-19,0.0,0.0
58,2020-03-20,0.0,0.0
59,2020-03-21,0.0,0.0
60,2020-03-22,0.0,0.0
61,2020-03-23,0.0,0.0
62,2020-03-24,0.0,0.0
63,2020-03-25,0.0,0.0
64,2020-03-26,0.0,0.0
65,2020-03-27,0.0,0.0
66,2020-03-28,0.0,0.0
67,2020-03-29,0.0,0.0
68,2020-03-30,0.0,0.0
69,2020-03-31,1.0,1.0
70,2020-04-01,0.0,1.0
71,2020-04-02,0.0,1.0
72,2020-04-03,0.0,1.0
73,2020-04-04,1.0,2.0
74,2020-04-05,0.0,2.0
75,2020-04-06,0.0,2.0
76,2020-04-07,0.0,2.0
77,2020-04-08,0.0,2.0
78,2020-04-09,1.0,3.0
79,2020-04-10,0.0,3.0
80,2020-04-11,0.0,3.0
81,2020-04-12,1.0,4.0
82,2020-04-13,0.0,4.0
83,2020-04-14,0.0,4.0
84,2020-04-15,0.0,4.0
85,2020-04-16,0.0,4.0
86,2020-04-17,2.0,6.0
87,2020-04-18,0.0,6.0
88,2020-04-19,1.0,7.0
89,2020-04-20,0.0,7.0
90,2020-04-21,1.0,8.0
91,2020-04-22,0.0,8.0
92,2020-04-23,1.0,9.0
93,2020-04-24,1.0,10.0
94,2020-04-25,0.0,10.0
95,2020-04-26,0.0,10.0
96,2020-04-27,0.0,10.0
97,2020-04-28,0.0,10.0
98,2020-04-29,0.0,10.0
99,2020-04-30,1.0,11.0
100,2020-05-01,0.0,11.0
101,2020-05-02,1.0,12.0
102,2020-05-03,0.0,12.0
103,2020-05-04,0.0,12.0
104,2020-05-05,1.0,13.0
105,2020-05-06,0.0,13.0
106,2020-05-07,2.0,15.0
107,2020-05-08,1.0,16.0
108,2020-05-09,1.0,17.0
109,2020-05-10,0.0,17.0
110,2020-05-11,0.0,17.0
111,2020-05-12,0.0,17.0
112,2020-05-13,0.0,17.0
113,2020-05-14,1.0,18.0
114,2020-05-15,2.0,20.0
115,2020-05-16,1.0,21.0
116,2020-05-17,1.0,22.0
117,2020-05-18,3.0,25.0
118,2020-05-19,2.0,27.0
119,2020-05-20,3.0,30.0
120,2020-05-21,1.0,31.0
121,2020-05-22,3.0,34.0
122,2020-05-23,2.0,36.0
123,2020-05-24,1.0,37.0
124,2020-05-25,0.0,37.0
125,2020-05-26,0.0,37.0
126,2020-05-27,2.0,39.0
127,2020-05-28,1.0,40.0
128,2020-05-29,0.0,40.0
129,2020-05-30,2.0,42.0
130,2020-05-31,7.0,49.0
131,2020-06-01,1.0,50.0
132,2020-06-02,9.0,59.0
133,2020-06-03,8.0,67.0
134,2020-06-04,0.0,67.0
135,2020-06-05,5.0,72.0
136,2020-06-06,0.0,72.0
137,2020-06-07,3.0,75.0
138,2020-06-08,6.0,81.0
139,2020-06-09,2.0,83.0
140,2020-06-10,1.0,84.0
141,2020-06-11,5.0,89.0
142,2020-06-12,7.0,96.0
143,2020-06-13,3.0,99.0
144,2020-06-14,5.0,104.0
145,2020-06-15,4.0,108.0
146,2020-06-16,6.0,114.0
147,2020-06-17,2.0,116.0
148,2020-06-18,3.0,119.0
149,2020-06-19,6.0,125.0
150,2020-06-20,3.0,128.0
151,2020-06-21,3.0,131.0
152,2020-06-22,6.0,137.0
153,2020-06-23,3.0,140.0
154,2020-06-24,2.0,142.0
155,2020-06-25,2.0,144.0
156,2020-06-26,9.0,153.0
157,2020-06-27,6.0,159.0
158,2020-06-28,4.0,163.0
159,2020-06-29,6.0,169.0
160,2020-06-30,7.0,176.0
161,2020-07-01,9.0,185.0
162,2020-07-02,3.0,188.0
163,2020-07-03,5.0,193.0
164,2020-07-04,10.0,203.0
165,2020-07-05,10.0,213.0
166,2020-07-06,5.0,218.0
167,2020-07-07,6.0,224.0
168,2020-07-08,9.0,233.0
169,2020-07-09,3.0,236.0
170,2020-07-10,8.0,244.0
171,2020-07-11,4.0,248.0
172,2020-07-12,9.0,257.0
173,2020-07-13,2.0,259.0
174,2020-07-14,14.0,273.0
175,2020-07-15,8.0,281.0
176,2020-07-16,9.0,290.0
177,2020-07-17,8.0,298.0
178,2020-07-18,10.0,308.0
179,2020-07-19,10.0,318.0
180,2020-07-20,8.0,326.0
181,2020-07-21,11.0,337.0
182,2020-07-22,12.0,349.0
183,2020-07-23,6.0,355.0
184,2020-07-24,4.0,359.0
185,2020-07-25,12.0,371.0
186,2020-07-26,13.0,384.0
187,2020-07-27,9.0,393.0
188,2020-07-28,9.0,402.0
189,2020-07-29,10.0,412.0
190,2020-07-30,9.0,421.0
191,2020-07-31,0.0,421.0
192,2020-08-01,0.0,421.0
193,2020-08-02,0.0,421.0
194,2020-08-03,0.0,421.0
195,2020-08-04,0.0,421.0
196,2020-08-05,67.0,488.0
197,2020-08-06,4.0,492.0
198,2020-08-07,10.0,502.0
199,2020-08-08,7.0,509.0
200,2020-08-09,4.0,513.0
201,2020-08-10,8.0,521.0
202,2020-08-11,12.0,533.0
203,2020-08-12,6.0,539.0
204,2020-08-13,12.0,551.0
205,2020-08-14,6.0,557.0
206,2020-08-15,5.0,562.0
207,2020-08-16,10.0,572.0
208,2020-08-17,16.0,588.0
209,2020-08-18,9.0,597.0
210,2020-08-19,6.0,603.0
211,2020-08-20,6.0,609.0
212,2020-08-21,0.0,609.0
213,2020-08-22,0.0,609.0
214,2020-08-23,0.0,609.0
215,2020-08-24,28.0,637.0
216,2020-08-25,5.0,642.0
217,2020-08-26,4.0,646.0
218,2020-08-27,4.0,650.0
219,2020-08-28,0.0,650.0
220,2020-08-29,0.0,650.0
221,2020-08-30,27.0,677.0
222,2020-08-31,8.0,685.0
223,2020-09-01,4.0,689.0
224,2020-09-02,0.0,689.0
225,2020-09-03,16.0,705.0
226,2020-09-04,0.0,705.0
227,2020-09-05,0.0,705.0
228,2020-09-06,23.0,728.0
229,2020-09-07,6.0,734.0
230,2020-09-08,8.0,742.0
231,2020-09-09,9.0,751.0
232,2020-09-10,11.0,762.0
233,2020-09-11,0.0,762.0
234,2020-09-12,0.0,762.0
235,2020-09-13,18.0,780.0
236,2020-09-14,10.0,790.0
237,2020-09-15,7.0,797.0
238,2020-09-16,8.0,805.0
239,2020-09-17,13.0,818.0
240,2020-09-18,0.0,818.0
241,2020-09-19,0.0,818.0
242,2020-09-20,28.0,846.0
243,2020-09-21,7.0,853.0
244,2020-09-22,12.0,865.0
245,2020-09-23,10.0,875.0
246,2020-09-24,10.0,885.0
247,2020-09-25,0.0,885.0
248,2020-09-26,0.0,885.0
249,2020-09-27,24.0,909.0
250,2020-09-28,15.0,924.0
251,2020-09-29,11.0,935.0
252,2020-09-30,0.0,935.0
253,2020-10-01,0.0,935.0
254,2020-10-02,0.0,935.0
255,2020-10-03,0.0,935.0
256,2020-10-04,42.0,977.0
257,2020-10-05,8.0,985.0
258,2020-10-06,5.0,990.0
259,2020-10-07,10.0,1000.0
260,2020-10-08,9.0,1009.0
261,2020-10-09,0.0,1009.0
262,2020-10-10,0.0,1009.0
263,2020-10-11,29.0,1038.0
264,2020-10-12,8.0,1046.0
265,2020-10-13,7.0,1053.0
266,2020-10-14,8.0,1061.0
267,2020-10-15,10.0,1071.0
268,2020-10-16,0.0,1071.0
269,2020-10-17,0.0,1071.0
270,2020-10-18,30.0,1101.0
271,2020-10-19,13.0,1114.0
272,2020-10-20,8.0,1122.0
273,2020-10-21,15.0,1137.0
274,2020-10-22,10.0,1147.0
275,2020-10-23,0.0,1147.0
276,2020-10-24,0.0,1147.0
277,2020-10-25,27.0,1174.0
278,2020-10-26,16.0,1190.0
279,2020-10-27,13.0,1203.0
280,2020-10-28,5.0,1208.0
281,2020-10-29,0.0,1208.0
282,2020-10-30,0.0,1208.0
283,2020-10-31,0.0,1208.0
284,2020-11-01,38.0,1246.0
285,2020-11-02,10.0,1256.0
286,2020-11-03,8.0,1264.0
287,2020-11-04,11.0,1275.0
288,2020-11-05,11.0,1286.0
289,2020-11-06,0.0,1286.0
290,2020-11-07,0.0,1286.0
291,2020-11-08,15.0,1301.0
292,2020-11-09,9.0,1310.0
293,2020-11-10,6.0,1316.0
294,2020-11-11,5.0,1321.0
295,2020-11-12,5.0,1326.0
296,2020-11-13,0.0,1326.0
297,2020-11-14,0.0,1326.0
298,2020-11-15,12.0,1338.0
299,2020-11-16,12.0,1350.0
300,2020-11-17,0.0,1350.0
301,2020-11-18,10.0,1360.0
302,2020-11-19,5.0,1365.0
303,2020-11-20,0.0,1365.0
304,2020-11-21,0.0,1365.0
305,2020-11-22,15.0,1380.0
306,2020-11-23,6.0,1386.0
307,2020-11-24,5.0,1391.0
308,2020-11-25,0.0,1391.0
309,2020-11-26,0.0,1391.0
310,2020-11-27,0.0,1391.0
311,2020-11-28,0.0,1391.0
312,2020-11-29,27.0,1418.0
313,2020-11-30,5.0,1423.0
314,2020-12-01,7.0,1430.0
315,2020-12-02,0.0,1430.0
316,2020-12-03,5.0,1435.0
317,2020-12-04,0.0,1435.0
318,2020-12-05,0.0,1435.0
319,2020-12-06,9.0,1444.0
320,2020-12-07,8.0,1452.0
321,2020-12-08,2.0,1454.0
322,2020-12-09,7.0,1461.0
323,2020-12-10,2.0,1463.0
324,2020-12-11,0.0,1463.0
325,2020-12-12,0.0,1463.0
326,2020-12-13,8.0,1471.0
327,2020-12-14,1.0,1472.0
328,2020-12-15,3.0,1475.0
329,2020-12-16,5.0,1480.0
330,2020-12-17,3.0,1483.0
331,2020-12-18,0.0,1483.0
332,2020-12-19,0.0,1483.0
333,2020-12-20,5.0,1488.0
334,2020-12-21,1.0,1489.0
335,2020-12-22,1.0,1490.0
336,2020-12-23,1.0,1491.0
337,2020-12-24,0.0,1491.0
338,2020-12-25,0.0,1491.0
339,2020-12-26,0.0,1491.0
340,2020-12-27,4.0,1495.0
341,2020-12-28,0.0,1495.0
342,2020-12-29,2.0,1497.0
343,2020-12-30,0.0,1497.0
344,2020-12-31,2.0,1499.0
345,2021-01-01,0.0,1499.0
346,2021-01-02,0.0,1499.0
347,2021-01-03,2.0,1501.0
348,2021-01-04,1.0,1502.0
349,2021-01-05,0.0,1502.0
350,2021-01-06,2.0,1504.0
351,2021-01-07,1.0,1505.0
352,2021-01-08,0.0,1505.0
353,2021-01-09,0.0,1505.0
354,2021-01-10,3.0,1508.0
355,2021-01-11,0.0,1508.0
356,2021-01-12,0.0,1508.0
357,2021-01-13,0.0,1508.0
358,2021-01-14,1.0,1509.0
359,2021-01-15,0.0,1509.0
360,2021-01-16,0.0,1509.0
361,2021-01-17,3.0,1512.0
362,2021-01-18,2.0,1514.0
363,2021-01-19,2.0,1516.0
364,2021-01-20,0.0,1516.0
365,2021-01-21,1.0,1517.0
366,2021-01-22,0.0,1517.0
367,2021-01-23,0.0,1517.0
368,2021-01-24,4.0,1521.0
369,2021-01-25,1.0,1522.0
370,2021-01-26,2.0,1524.0
371,2021-01-27,1.0,1525.0
372,2021-01-28,2.0,1527.0
373,2021-01-29,0.0,1527.0
374,2021-01-30,0.0,1527.0
375,2021-01-31,2.0,1529.0
376,2021-02-01,3.0,1532.0
377,2021-02-02,0.0,1532.0
378,2021-02-03,0.0,1532.0
379,2021-02-04,0.0,1532.0
380,2021-02-05,0.0,1532.0
381,2021-02-06,0.0,1532.0
382,2021-02-07,2.0,1534.0
383,2021-02-08,1.0,1535.0
384,2021-02-09,1.0,1536.0
385,2021-02-10,1.0,1537.0
386,2021-02-11,2.0,1539.0
387,2021-02-12,0.0,1539.0
388,2021-02-13,0.0,1539.0
389,2021-02-14,3.0,1542.0
390,2021-02-15,1.0,1543.0
391,2021-02-16,1.0,1544.0
392,2021-02-17,5.0,1549.0
