,dates,cases,cumul
0,2020-01-22,0.0,0.0
1,2020-01-23,0.0,0.0
2,2020-01-24,0.0,0.0
3,2020-01-25,0.0,0.0
4,2020-01-26,0.0,0.0
5,2020-01-27,0.0,0.0
6,2020-01-28,0.0,0.0
7,2020-01-29,0.0,0.0
8,2020-01-30,0.0,0.0
9,2020-01-31,0.0,0.0
10,2020-02-01,0.0,0.0
11,2020-02-02,0.0,0.0
12,2020-02-03,0.0,0.0
13,2020-02-04,0.0,0.0
14,2020-02-05,0.0,0.0
15,2020-02-06,0.0,0.0
16,2020-02-07,0.0,0.0
17,2020-02-08,0.0,0.0
18,2020-02-09,0.0,0.0
19,2020-02-10,0.0,0.0
20,2020-02-11,0.0,0.0
21,2020-02-12,0.0,0.0
22,2020-02-13,0.0,0.0
23,2020-02-14,0.0,0.0
24,2020-02-15,0.0,0.0
25,2020-02-16,0.0,0.0
26,2020-02-17,0.0,0.0
27,2020-02-18,0.0,0.0
28,2020-02-19,0.0,0.0
29,2020-02-20,0.0,0.0
30,2020-02-21,0.0,0.0
31,2020-02-22,0.0,0.0
32,2020-02-23,0.0,0.0
33,2020-02-24,0.0,0.0
34,2020-02-25,2.0,2.0
35,2020-02-26,0.0,2.0
36,2020-02-27,1.0,3.0
37,2020-02-28,0.0,3.0
38,2020-02-29,6.0,9.0
39,2020-03-01,5.0,14.0
40,2020-03-02,4.0,18.0
41,2020-03-03,3.0,21.0
42,2020-03-04,8.0,29.0
43,2020-03-05,12.0,41.0
44,2020-03-06,14.0,55.0
45,2020-03-07,24.0,79.0
46,2020-03-08,25.0,104.0
47,2020-03-09,27.0,131.0
48,2020-03-10,51.0,182.0
49,2020-03-11,64.0,246.0
50,2020-03-12,56.0,302.0
51,2020-03-13,202.0,504.0
52,2020-03-14,151.0,655.0
53,2020-03-15,205.0,860.0
54,2020-03-16,158.0,1018.0
55,2020-03-17,314.0,1332.0
56,2020-03-18,314.0,1646.0
57,2020-03-19,367.0,2013.0
58,2020-03-20,375.0,2388.0
59,2020-03-21,426.0,2814.0
60,2020-03-22,768.0,3582.0
61,2020-03-23,892.0,4474.0
62,2020-03-24,809.0,5283.0
63,2020-03-25,305.0,5588.0
64,2020-03-26,1321.0,6909.0
65,2020-03-27,748.0,7657.0
66,2020-03-28,614.0,8271.0
67,2020-03-29,517.0,8788.0
68,2020-03-30,830.0,9618.0
69,2020-03-31,562.0,10180.0
70,2020-04-01,531.0,10711.0
71,2020-04-02,418.0,11129.0
72,2020-04-03,395.0,11524.0
73,2020-04-04,257.0,11781.0
74,2020-04-05,270.0,12051.0
75,2020-04-06,246.0,12297.0
76,2020-04-07,342.0,12639.0
77,2020-04-08,303.0,12942.0
78,2020-04-09,302.0,13244.0
79,2020-04-10,311.0,13555.0
80,2020-04-11,251.0,13806.0
81,2020-04-12,139.0,13945.0
82,2020-04-13,96.0,14041.0
83,2020-04-14,185.0,14226.0
84,2020-04-15,110.0,14336.0
85,2020-04-16,140.0,14476.0
86,2020-04-17,119.0,14595.0
87,2020-04-18,76.0,14671.0
88,2020-04-19,78.0,14749.0
89,2020-04-20,46.0,14795.0
90,2020-04-21,78.0,14873.0
91,2020-04-22,52.0,14925.0
92,2020-04-23,77.0,15002.0
93,2020-04-24,69.0,15071.0
94,2020-04-25,77.0,15148.0
95,2020-04-26,77.0,15225.0
96,2020-04-27,49.0,15274.0
97,2020-04-28,83.0,15357.0
98,2020-04-29,45.0,15402.0
99,2020-04-30,50.0,15452.0
100,2020-05-01,79.0,15531.0
101,2020-05-02,27.0,15558.0
102,2020-05-03,39.0,15597.0
103,2020-05-04,24.0,15621.0
104,2020-05-05,29.0,15650.0
105,2020-05-06,34.0,15684.0
106,2020-05-07,68.0,15752.0
107,2020-05-08,22.0,15774.0
108,2020-05-09,59.0,15833.0
109,2020-05-10,38.0,15871.0
110,2020-05-11,11.0,15882.0
111,2020-05-12,79.0,15961.0
112,2020-05-13,36.0,15997.0
113,2020-05-14,61.0,16058.0
114,2020-05-15,51.0,16109.0
115,2020-05-16,92.0,16201.0
116,2020-05-17,41.0,16242.0
117,2020-05-18,27.0,16269.0
118,2020-05-19,52.0,16321.0
119,2020-05-20,32.0,16353.0
120,2020-05-21,51.0,16404.0
121,2020-05-22,32.0,16436.0
122,2020-05-23,50.0,16486.0
123,2020-05-24,17.0,16503.0
124,2020-05-25,36.0,16539.0
125,2020-05-26,18.0,16557.0
126,2020-05-27,34.0,16591.0
127,2020-05-28,37.0,16628.0
128,2020-05-29,27.0,16655.0
129,2020-05-30,30.0,16685.0
130,2020-05-31,46.0,16731.0
131,2020-06-01,2.0,16733.0
132,2020-06-02,26.0,16759.0
133,2020-06-03,12.0,16771.0
134,2020-06-04,34.0,16805.0
135,2020-06-05,38.0,16843.0
136,2020-06-06,55.0,16898.0
137,2020-06-07,4.0,16902.0
138,2020-06-08,66.0,16968.0
139,2020-06-09,11.0,16979.0
140,2020-06-10,26.0,17005.0
141,2020-06-11,29.0,17034.0
142,2020-06-12,30.0,17064.0
143,2020-06-13,14.0,17078.0
144,2020-06-14,31.0,17109.0
145,2020-06-15,26.0,17135.0
146,2020-06-16,54.0,17189.0
147,2020-06-17,14.0,17203.0
148,2020-06-18,20.0,17223.0
149,2020-06-19,48.0,17271.0
150,2020-06-20,52.0,17323.0
151,2020-06-21,18.0,17341.0
152,2020-06-22,39.0,17380.0
153,2020-06-23,28.0,17408.0
154,2020-06-24,41.0,17449.0
155,2020-06-25,28.0,17477.0
156,2020-06-26,45.0,17522.0
157,2020-06-27,58.0,17580.0
158,2020-06-28,74.0,17654.0
159,2020-06-29,69.0,17723.0
160,2020-06-30,43.0,17766.0
161,2020-07-01,107.0,17873.0
162,2020-07-02,68.0,17941.0
163,2020-07-03,109.0,18050.0
164,2020-07-04,115.0,18165.0
165,2020-07-05,115.0,18280.0
166,2020-07-06,85.0,18365.0
167,2020-07-07,56.0,18421.0
168,2020-07-08,92.0,18513.0
169,2020-07-09,102.0,18615.0
170,2020-07-10,94.0,18709.0
171,2020-07-11,74.0,18783.0
172,2020-07-12,114.0,18897.0
173,2020-07-13,51.0,18948.0
174,2020-07-14,73.0,19021.0
175,2020-07-15,133.0,19154.0
176,2020-07-16,116.0,19270.0
177,2020-07-17,169.0,19439.0
178,2020-07-18,134.0,19573.0
179,2020-07-19,82.0,19655.0
180,2020-07-20,88.0,19743.0
181,2020-07-21,84.0,19827.0
182,2020-07-22,102.0,19929.0
183,2020-07-23,170.0,20099.0
184,2020-07-24,115.0,20214.0
185,2020-07-25,124.0,20338.0
186,2020-07-26,134.0,20472.0
187,2020-07-27,86.0,20558.0
188,2020-07-28,119.0,20677.0
189,2020-07-29,173.0,20850.0
190,2020-07-30,105.0,20955.0
191,2020-07-31,175.0,21130.0
192,2020-08-01,82.0,21212.0
193,2020-08-02,92.0,21304.0
194,2020-08-03,81.0,21385.0
195,2020-08-04,96.0,21481.0
196,2020-08-05,85.0,21566.0
197,2020-08-06,130.0,21696.0
198,2020-08-07,141.0,21837.0
199,2020-08-08,82.0,21919.0
200,2020-08-09,114.0,22033.0
201,2020-08-10,73.0,22106.0
202,2020-08-11,139.0,22245.0
203,2020-08-12,194.0,22439.0
204,2020-08-13,155.0,22594.0
205,2020-08-14,282.0,22876.0
206,2020-08-15,303.0,23179.0
207,2020-08-16,191.0,23370.0
208,2020-08-17,164.0,23534.0
209,2020-08-18,295.0,23829.0
210,2020-08-19,255.0,24084.0
211,2020-08-20,347.0,24431.0
212,2020-08-21,331.0,24762.0
213,2020-08-22,300.0,25062.0
214,2020-08-23,191.0,25253.0
215,2020-08-24,242.0,25495.0
216,2020-08-25,211.0,25706.0
217,2020-08-26,327.0,26033.0
218,2020-08-27,328.0,26361.0
219,2020-08-28,229.0,26590.0
220,2020-08-29,395.0,26985.0
221,2020-08-30,181.0,27166.0
222,2020-08-31,272.0,27438.0
223,2020-09-01,204.0,27642.0
224,2020-09-02,327.0,27969.0
225,2020-09-03,403.0,28372.0
226,2020-09-04,357.0,28729.0
227,2020-09-05,358.0,29087.0
228,2020-09-06,184.0,29271.0
229,2020-09-07,290.0,29561.0
230,2020-09-08,520.0,30081.0
231,2020-09-09,502.0,30583.0
232,2020-09-10,664.0,31247.0
233,2020-09-11,580.0,31827.0
234,2020-09-12,869.0,32696.0
235,2020-09-13,463.0,33159.0
236,2020-09-14,382.0,33541.0
237,2020-09-15,764.0,34305.0
238,2020-09-16,768.0,35073.0
239,2020-09-17,780.0,35853.0
240,2020-09-18,808.0,36661.0
241,2020-09-19,813.0,37474.0
242,2020-09-20,621.0,38095.0
243,2020-09-21,563.0,38658.0
244,2020-09-22,645.0,39303.0
245,2020-09-23,681.0,39984.0
246,2020-09-24,832.0,40816.0
247,2020-09-25,684.0,41500.0
248,2020-09-26,714.0,42214.0
249,2020-09-27,662.0,42876.0
250,2020-09-28,556.0,43432.0
251,2020-09-29,609.0,44041.0
252,2020-09-30,772.0,44813.0
253,2020-10-01,873.0,45686.0
254,2020-10-02,688.0,46374.0
255,2020-10-03,1058.0,47432.0
256,2020-10-04,714.0,48146.0
257,2020-10-05,750.0,48896.0
258,2020-10-06,923.0,49819.0
259,2020-10-07,1029.0,50848.0
260,2020-10-08,1209.0,52057.0
261,2020-10-09,1131.0,53188.0
262,2020-10-10,1235.0,54423.0
263,2020-10-11,896.0,55319.0
264,2020-10-12,979.0,56298.0
265,2020-10-13,1028.0,57326.0
266,2020-10-14,1346.0,58672.0
267,2020-10-15,1552.0,60224.0
268,2020-10-16,1163.0,61387.0
269,2020-10-17,1747.0,63134.0
270,2020-10-18,1672.0,64806.0
271,2020-10-19,1121.0,65927.0
272,2020-10-20,1524.0,67451.0
273,2020-10-21,1958.0,69409.0
274,2020-10-22,2435.0,71844.0
275,2020-10-23,2571.0,74415.0
276,2020-10-24,3614.0,78029.0
277,2020-10-25,2782.0,80811.0
278,2020-10-26,2456.0,83267.0
279,2020-10-27,2835.0,86102.0
280,2020-10-28,3394.0,89496.0
281,2020-10-29,4453.0,93949.0
282,2020-10-30,5627.0,99576.0
283,2020-10-31,5349.0,104925.0
284,2020-11-01,4956.0,109881.0
285,2020-11-02,4135.0,114016.0
286,2020-11-03,4182.0,118198.0
287,2020-11-04,6901.0,125099.0
288,2020-11-05,7416.0,132515.0
289,2020-11-06,6464.0,138979.0
290,2020-11-07,8241.0,147220.0
291,2020-11-08,5933.0,153153.0
292,2020-11-09,5593.0,158746.0
293,2020-11-10,6120.0,164866.0
294,2020-11-11,7514.0,172380.0
295,2020-11-12,9262.0,181642.0
296,2020-11-13,9586.0,191228.0
297,2020-11-14,7063.0,198291.0
298,2020-11-15,5665.0,203956.0
299,2020-11-16,4657.0,208613.0
300,2020-11-17,5984.0,214597.0
301,2020-11-18,7091.0,221688.0
302,2020-11-19,6995.0,228683.0
303,2020-11-20,6668.0,235351.0
304,2020-11-21,6611.0,241962.0
305,2020-11-22,5226.0,247188.0
306,2020-11-23,3145.0,250333.0
307,2020-11-24,4377.0,254710.0
308,2020-11-25,5802.0,260512.0
309,2020-11-26,5526.0,266038.0
310,2020-11-27,4954.0,270992.0
311,2020-11-28,4669.0,275661.0
312,2020-11-29,4047.0,279708.0
313,2020-11-30,2748.0,282456.0
314,2020-12-01,3033.0,285489.0
315,2020-12-02,3972.0,289461.0
316,2020-12-03,3969.0,293430.0
317,2020-12-04,3815.0,297245.0
318,2020-12-05,3444.0,300689.0
319,2020-12-06,2741.0,303430.0
320,2020-12-07,2263.0,305693.0
321,2020-12-08,2377.0,308070.0
322,2020-12-09,2932.0,311002.0
323,2020-12-10,2686.0,313688.0
324,2020-12-11,2893.0,316581.0
325,2020-12-12,3241.0,319822.0
326,2020-12-13,2641.0,322463.0
327,2020-12-14,2588.0,325051.0
328,2020-12-15,2628.0,327679.0
329,2020-12-16,2664.0,330343.0
330,2020-12-17,2485.0,332828.0
331,2020-12-18,2085.0,334913.0
332,2020-12-19,2296.0,337209.0
333,2020-12-20,1645.0,338854.0
334,2020-12-21,1519.0,340373.0
335,2020-12-22,1853.0,342226.0
336,2020-12-23,2131.0,344357.0
337,2020-12-24,2847.0,347204.0
338,2020-12-25,1851.0,349055.0
339,2020-12-26,1429.0,350484.0
340,2020-12-27,1408.0,351892.0
341,2020-12-28,1592.0,353484.0
342,2020-12-29,1868.0,355352.0
343,2020-12-30,2550.0,357902.0
344,2020-12-31,2913.0,360815.0
345,2021-01-01,2096.0,362911.0
346,2021-01-02,1391.0,364302.0
347,2021-01-03,1466.0,365768.0
348,2021-01-04,1642.0,367410.0
349,2021-01-05,2311.0,369721.0
350,2021-01-06,2469.0,372190.0
351,2021-01-07,2540.0,374730.0
352,2021-01-08,2063.0,376793.0
353,2021-01-09,2278.0,379071.0
354,2021-01-10,1651.0,380722.0
355,2021-01-11,1536.0,382258.0
356,2021-01-12,1575.0,383833.0
357,2021-01-13,1917.0,385750.0
358,2021-01-14,3510.0,389260.0
359,2021-01-15,1528.0,390788.0
360,2021-01-16,1723.0,392511.0
361,2021-01-17,1267.0,393778.0
362,2021-01-18,1161.0,394939.0
363,2021-01-19,1486.0,396425.0
364,2021-01-20,1671.0,398096.0
365,2021-01-21,1702.0,399798.0
366,2021-01-22,2088.0,401886.0
367,2021-01-23,1626.0,403512.0
368,2021-01-24,1202.0,404714.0
369,2021-01-25,1009.0,405723.0
370,2021-01-26,1417.0,407140.0
371,2021-01-27,1641.0,408781.0
372,2021-01-28,1449.0,410230.0
373,2021-01-29,1500.0,411730.0
374,2021-01-30,1478.0,413208.0
375,2021-01-31,1190.0,414398.0
376,2021-02-01,1124.0,415522.0
377,2021-02-02,1241.0,416763.0
378,2021-02-03,1520.0,418283.0
379,2021-02-04,1518.0,419801.0
380,2021-02-05,1388.0,421189.0
381,2021-02-06,1333.0,422522.0
382,2021-02-07,1317.0,423839.0
383,2021-02-08,1057.0,424896.0
384,2021-02-09,1197.0,426093.0
385,2021-02-10,1469.0,427562.0
386,2021-02-11,1577.0,429139.0
387,2021-02-12,1731.0,430870.0
388,2021-02-13,1433.0,432303.0
389,2021-02-14,1184.0,433487.0
390,2021-02-15,1225.0,434712.0
391,2021-02-16,1427.0,436139.0
392,2021-02-17,1735.0,437874.0
