,dates,cases,cumul
0,2020-01-22,0.0,0.0
1,2020-01-23,0.0,0.0
2,2020-01-24,0.0,0.0
3,2020-01-25,0.0,0.0
4,2020-01-26,4.0,4.0
5,2020-01-27,1.0,5.0
6,2020-01-28,0.0,5.0
7,2020-01-29,1.0,6.0
8,2020-01-30,3.0,9.0
9,2020-01-31,0.0,9.0
10,2020-02-01,3.0,12.0
11,2020-02-02,0.0,12.0
12,2020-02-03,0.0,12.0
13,2020-02-04,1.0,13.0
14,2020-02-05,0.0,13.0
15,2020-02-06,1.0,14.0
16,2020-02-07,1.0,15.0
17,2020-02-08,0.0,15.0
18,2020-02-09,0.0,15.0
19,2020-02-10,0.0,15.0
20,2020-02-11,0.0,15.0
21,2020-02-12,0.0,15.0
22,2020-02-13,0.0,15.0
23,2020-02-14,0.0,15.0
24,2020-02-15,0.0,15.0
25,2020-02-16,0.0,15.0
26,2020-02-17,0.0,15.0
27,2020-02-18,0.0,15.0
28,2020-02-19,0.0,15.0
29,2020-02-20,0.0,15.0
30,2020-02-21,0.0,15.0
31,2020-02-22,0.0,15.0
32,2020-02-23,0.0,15.0
33,2020-02-24,0.0,15.0
34,2020-02-25,0.0,15.0
35,2020-02-26,0.0,15.0
36,2020-02-27,0.0,15.0
37,2020-02-28,0.0,15.0
38,2020-02-29,10.0,25.0
39,2020-03-01,2.0,27.0
40,2020-03-02,3.0,30.0
41,2020-03-03,9.0,39.0
42,2020-03-04,13.0,52.0
43,2020-03-05,3.0,55.0
44,2020-03-06,5.0,60.0
45,2020-03-07,3.0,63.0
46,2020-03-08,13.0,76.0
47,2020-03-09,15.0,91.0
48,2020-03-10,16.0,107.0
49,2020-03-11,21.0,128.0
50,2020-03-12,0.0,128.0
51,2020-03-13,72.0,200.0
52,2020-03-14,50.0,250.0
53,2020-03-15,47.0,297.0
54,2020-03-16,80.0,377.0
55,2020-03-17,75.0,452.0
56,2020-03-18,116.0,568.0
57,2020-03-19,113.0,681.0
58,2020-03-20,110.0,791.0
59,2020-03-21,280.0,1071.0
60,2020-03-22,478.0,1549.0
61,2020-03-23,133.0,1682.0
62,2020-03-24,362.0,2044.0
63,2020-03-25,320.0,2364.0
64,2020-03-26,446.0,2810.0
65,2020-03-27,333.0,3143.0
66,2020-03-28,497.0,3640.0
67,2020-03-29,344.0,3984.0
68,2020-03-30,377.0,4361.0
69,2020-03-31,198.0,4559.0
70,2020-04-01,303.0,4862.0
71,2020-04-02,254.0,5116.0
72,2020-04-03,214.0,5330.0
73,2020-04-04,220.0,5550.0
74,2020-04-05,137.0,5687.0
75,2020-04-06,110.0,5797.0
76,2020-04-07,98.0,5895.0
77,2020-04-08,115.0,6010.0
78,2020-04-09,98.0,6108.0
79,2020-04-10,107.0,6215.0
80,2020-04-11,88.0,6303.0
81,2020-04-12,12.0,6315.0
82,2020-04-13,36.0,6351.0
83,2020-04-14,64.0,6415.0
84,2020-04-15,25.0,6440.0
85,2020-04-16,22.0,6462.0
86,2020-04-17,60.0,6522.0
87,2020-04-18,46.0,6568.0
88,2020-04-19,42.0,6610.0
89,2020-04-20,13.0,6623.0
90,2020-04-21,22.0,6645.0
91,2020-04-22,7.0,6652.0
92,2020-04-23,10.0,6662.0
93,2020-04-24,15.0,6677.0
94,2020-04-25,17.0,6694.0
95,2020-04-26,20.0,6714.0
96,2020-04-27,7.0,6721.0
97,2020-04-28,23.0,6744.0
98,2020-04-29,8.0,6752.0
99,2020-04-30,14.0,6766.0
100,2020-05-01,12.0,6778.0
101,2020-05-02,21.0,6799.0
102,2020-05-03,23.0,6822.0
103,2020-05-04,25.0,6847.0
104,2020-05-05,28.0,6875.0
105,2020-05-06,19.0,6894.0
106,2020-05-07,19.0,6913.0
107,2020-05-08,5.0,6918.0
108,2020-05-09,21.0,6939.0
109,2020-05-10,9.0,6948.0
110,2020-05-11,22.0,6970.0
111,2020-05-12,10.0,6980.0
112,2020-05-13,9.0,6989.0
113,2020-05-14,30.0,7019.0
114,2020-05-15,16.0,7035.0
115,2020-05-16,9.0,7044.0
116,2020-05-17,10.0,7054.0
117,2020-05-18,14.0,7068.0
118,2020-05-19,4.0,7072.0
119,2020-05-20,9.0,7081.0
120,2020-05-21,14.0,7095.0
121,2020-05-22,4.0,7099.0
122,2020-05-23,15.0,7114.0
123,2020-05-24,0.0,7114.0
124,2020-05-25,12.0,7126.0
125,2020-05-26,13.0,7139.0
126,2020-05-27,11.0,7150.0
127,2020-05-28,15.0,7165.0
128,2020-05-29,19.0,7184.0
129,2020-05-30,8.0,7192.0
130,2020-05-31,10.0,7202.0
131,2020-06-01,19.0,7221.0
132,2020-06-02,8.0,7229.0
133,2020-06-03,11.0,7240.0
134,2020-06-04,7.0,7247.0
135,2020-06-05,5.0,7252.0
136,2020-06-06,7.0,7259.0
137,2020-06-07,6.0,7265.0
138,2020-06-08,2.0,7267.0
139,2020-06-09,7.0,7274.0
140,2020-06-10,11.0,7285.0
141,2020-06-11,4.0,7289.0
142,2020-06-12,5.0,7294.0
143,2020-06-13,26.0,7320.0
144,2020-06-14,15.0,7335.0
145,2020-06-15,12.0,7347.0
146,2020-06-16,23.0,7370.0
147,2020-06-17,21.0,7391.0
148,2020-06-18,18.0,7409.0
149,2020-06-19,2.0,7411.0
150,2020-06-20,50.0,7461.0
151,2020-06-21,13.0,7474.0
152,2020-06-22,18.0,7492.0
153,2020-06-23,29.0,7521.0
154,2020-06-24,37.0,7558.0
155,2020-06-25,37.0,7595.0
156,2020-06-26,6.0,7601.0
157,2020-06-27,85.0,7686.0
158,2020-06-28,78.0,7764.0
159,2020-06-29,70.0,7834.0
160,2020-06-30,86.0,7920.0
161,2020-07-01,81.0,8001.0
162,2020-07-02,65.0,8066.0
163,2020-07-03,194.0,8260.0
164,2020-07-04,183.0,8443.0
165,2020-07-05,140.0,8583.0
166,2020-07-06,172.0,8755.0
167,2020-07-07,131.0,8886.0
168,2020-07-08,170.0,9056.0
169,2020-07-09,318.0,9374.0
170,2020-07-10,179.0,9553.0
171,2020-07-11,244.0,9797.0
172,2020-07-12,183.0,9980.0
173,2020-07-13,271.0,10251.0
174,2020-07-14,236.0,10487.0
175,2020-07-15,323.0,10810.0
176,2020-07-16,423.0,11233.0
177,2020-07-17,208.0,11441.0
178,2020-07-18,361.0,11802.0
179,2020-07-19,267.0,12069.0
180,2020-07-20,359.0,12428.0
181,2020-07-21,466.0,12894.0
182,2020-07-22,408.0,13302.0
183,2020-07-23,293.0,13595.0
184,2020-07-24,355.0,13950.0
185,2020-07-25,453.0,14403.0
186,2020-07-26,532.0,14935.0
187,2020-07-27,368.0,15303.0
188,2020-07-28,279.0,15582.0
189,2020-07-29,716.0,16298.0
190,2020-07-30,605.0,16903.0
191,2020-07-31,377.0,17280.0
192,2020-08-01,615.0,17895.0
193,2020-08-02,423.0,18318.0
194,2020-08-03,412.0,18730.0
195,2020-08-04,715.0,19445.0
196,2020-08-05,445.0,19890.0
197,2020-08-06,382.0,20272.0
198,2020-08-07,426.0,20698.0
199,2020-08-08,386.0,21084.0
200,2020-08-09,313.0,21397.0
201,2020-08-10,316.0,21713.0
202,2020-08-11,414.0,22127.0
203,2020-08-12,231.0,22358.0
204,2020-08-13,384.0,22742.0
205,2020-08-14,293.0,23035.0
206,2020-08-15,252.0,23287.0
207,2020-08-16,271.0,23558.0
208,2020-08-17,215.0,23773.0
209,2020-08-18,216.0,23989.0
210,2020-08-19,247.0,24236.0
211,2020-08-20,171.0,24407.0
212,2020-08-21,195.0,24602.0
213,2020-08-22,209.0,24811.0
214,2020-08-23,104.0,24915.0
215,2020-08-24,138.0,25053.0
216,2020-08-25,151.0,25204.0
217,2020-08-26,118.0,25322.0
218,2020-08-27,126.0,25448.0
219,2020-08-28,99.0,25547.0
220,2020-08-29,123.0,25670.0
221,2020-08-30,76.0,25746.0
222,2020-08-31,73.0,25819.0
223,2020-09-01,104.0,25923.0
224,2020-09-02,126.0,26049.0
225,2020-09-03,87.0,26136.0
226,2020-09-04,71.0,26207.0
227,2020-09-05,71.0,26278.0
228,2020-09-06,43.0,26321.0
229,2020-09-07,52.0,26373.0
230,2020-09-08,92.0,26465.0
231,2020-09-09,59.0,26524.0
232,2020-09-10,40.0,26564.0
233,2020-09-11,43.0,26607.0
234,2020-09-12,44.0,26651.0
235,2020-09-13,41.0,26692.0
236,2020-09-14,47.0,26739.0
237,2020-09-15,39.0,26778.0
238,2020-09-16,35.0,26813.0
239,2020-09-17,48.0,26861.0
240,2020-09-18,24.0,26885.0
241,2020-09-19,13.0,26898.0
242,2020-09-20,14.0,26912.0
243,2020-09-21,30.0,26942.0
244,2020-09-22,30.0,26972.0
245,2020-09-23,8.0,26980.0
246,2020-09-24,20.0,27000.0
247,2020-09-25,16.0,27016.0
248,2020-09-26,24.0,27040.0
249,2020-09-27,4.0,27044.0
250,2020-09-28,11.0,27055.0
251,2020-09-29,23.0,27078.0
252,2020-09-30,18.0,27096.0
253,2020-10-01,13.0,27109.0
254,2020-10-02,12.0,27121.0
255,2020-10-03,14.0,27135.0
256,2020-10-04,13.0,27148.0
257,2020-10-05,25.0,27173.0
258,2020-10-06,8.0,27181.0
259,2020-10-07,25.0,27206.0
260,2020-10-08,20.0,27226.0
261,2020-10-09,18.0,27244.0
262,2020-10-10,19.0,27263.0
263,2020-10-11,22.0,27285.0
264,2020-10-12,25.0,27310.0
265,2020-10-13,27.0,27337.0
266,2020-10-14,20.0,27357.0
267,2020-10-15,14.0,27371.0
268,2020-10-16,7.0,27378.0
269,2020-10-17,12.0,27390.0
270,2020-10-18,9.0,27399.0
271,2020-10-19,6.0,27405.0
272,2020-10-20,38.0,27443.0
273,2020-10-21,15.0,27458.0
274,2020-10-22,18.0,27476.0
275,2020-10-23,19.0,27495.0
276,2020-10-24,18.0,27513.0
277,2020-10-25,12.0,27525.0
278,2020-10-26,14.0,27539.0
279,2020-10-27,14.0,27553.0
280,2020-10-28,12.0,27565.0
281,2020-10-29,14.0,27579.0
282,2020-10-30,6.0,27585.0
283,2020-10-31,10.0,27595.0
284,2020-11-01,6.0,27601.0
285,2020-11-02,9.0,27610.0
286,2020-11-03,12.0,27622.0
287,2020-11-04,8.0,27630.0
288,2020-11-05,14.0,27644.0
289,2020-11-06,8.0,27652.0
290,2020-11-07,6.0,27658.0
291,2020-11-08,7.0,27665.0
292,2020-11-09,4.0,27669.0
293,2020-11-10,2.0,27671.0
294,2020-11-11,4.0,27675.0
295,2020-11-12,1.0,27676.0
296,2020-11-13,6.0,27682.0
297,2020-11-14,29.0,27711.0
298,2020-11-15,38.0,27749.0
299,2020-11-16,9.0,27758.0
300,2020-11-17,19.0,27777.0
301,2020-11-18,8.0,27785.0
302,2020-11-19,7.0,27792.0
303,2020-11-20,14.0,27806.0
304,2020-11-21,15.0,27821.0
305,2020-11-22,13.0,27834.0
306,2020-11-23,9.0,27843.0
307,2020-11-24,10.0,27853.0
308,2020-11-25,12.0,27865.0
309,2020-11-26,8.0,27873.0
310,2020-11-27,13.0,27886.0
311,2020-11-28,6.0,27892.0
312,2020-11-29,10.0,27902.0
313,2020-11-30,10.0,27912.0
314,2020-12-01,11.0,27923.0
315,2020-12-02,16.0,27939.0
316,2020-12-03,10.0,27949.0
317,2020-12-04,7.0,27956.0
318,2020-12-05,9.0,27965.0
319,2020-12-06,7.0,27972.0
320,2020-12-07,15.0,27987.0
321,2020-12-08,6.0,27993.0
322,2020-12-09,7.0,28000.0
323,2020-12-10,11.0,28011.0
324,2020-12-11,14.0,28025.0
325,2020-12-12,5.0,28030.0
326,2020-12-13,7.0,28037.0
327,2020-12-14,11.0,28048.0
328,2020-12-15,12.0,28060.0
329,2020-12-16,12.0,28072.0
330,2020-12-17,21.0,28093.0
331,2020-12-18,33.0,28126.0
332,2020-12-19,42.0,28168.0
333,2020-12-20,30.0,28198.0
334,2020-12-21,21.0,28219.0
335,2020-12-22,18.0,28237.0
336,2020-12-23,25.0,28262.0
337,2020-12-24,12.0,28274.0
338,2020-12-25,23.0,28297.0
339,2020-12-26,11.0,28308.0
340,2020-12-27,29.0,28337.0
341,2020-12-28,12.0,28349.0
342,2020-12-29,32.0,28381.0
343,2020-12-30,24.0,28405.0
344,2020-12-31,20.0,28425.0
345,2021-01-01,35.0,28460.0
346,2021-01-02,24.0,28484.0
347,2021-01-03,20.0,28504.0
348,2021-01-04,13.0,28517.0
349,2021-01-05,19.0,28536.0
350,2021-01-06,10.0,28546.0
351,2021-01-07,25.0,28571.0
352,2021-01-08,11.0,28582.0
353,2021-01-09,13.0,28595.0
354,2021-01-10,19.0,28614.0
355,2021-01-11,20.0,28634.0
356,2021-01-12,16.0,28650.0
357,2021-01-13,10.0,28660.0
358,2021-01-14,9.0,28669.0
359,2021-01-15,20.0,28689.0
360,2021-01-16,19.0,28708.0
361,2021-01-17,13.0,28721.0
362,2021-01-18,10.0,28731.0
363,2021-01-19,9.0,28740.0
364,2021-01-20,9.0,28749.0
365,2021-01-21,6.0,28755.0
366,2021-01-22,5.0,28760.0
367,2021-01-23,6.0,28766.0
368,2021-01-24,11.0,28777.0
369,2021-01-25,3.0,28780.0
370,2021-01-26,6.0,28786.0
371,2021-01-27,8.0,28794.0
372,2021-01-28,5.0,28799.0
373,2021-01-29,7.0,28806.0
374,2021-01-30,5.0,28811.0
375,2021-01-31,7.0,28818.0
376,2021-02-01,5.0,28823.0
377,2021-02-02,6.0,28829.0
378,2021-02-03,9.0,28838.0
379,2021-02-04,4.0,28842.0
380,2021-02-05,6.0,28848.0
381,2021-02-06,3.0,28851.0
382,2021-02-07,6.0,28857.0
383,2021-02-08,3.0,28860.0
384,2021-02-09,11.0,28871.0
385,2021-02-10,8.0,28879.0
386,2021-02-11,8.0,28887.0
387,2021-02-12,5.0,28892.0
388,2021-02-13,6.0,28898.0
389,2021-02-14,2.0,28900.0
390,2021-02-15,5.0,28905.0
391,2021-02-16,6.0,28911.0
392,2021-02-17,1.0,28912.0
