,dates,cases,cumul
0,2020-01-22,0.0,0.0
1,2020-01-23,0.0,0.0
2,2020-01-24,0.0,0.0
3,2020-01-25,0.0,0.0
4,2020-01-26,0.0,0.0
5,2020-01-27,0.0,0.0
6,2020-01-28,0.0,0.0
7,2020-01-29,0.0,0.0
8,2020-01-30,0.0,0.0
9,2020-01-31,0.0,0.0
10,2020-02-01,0.0,0.0
11,2020-02-02,0.0,0.0
12,2020-02-03,0.0,0.0
13,2020-02-04,0.0,0.0
14,2020-02-05,0.0,0.0
15,2020-02-06,0.0,0.0
16,2020-02-07,0.0,0.0
17,2020-02-08,0.0,0.0
18,2020-02-09,0.0,0.0
19,2020-02-10,0.0,0.0
20,2020-02-11,0.0,0.0
21,2020-02-12,0.0,0.0
22,2020-02-13,0.0,0.0
23,2020-02-14,0.0,0.0
24,2020-02-15,0.0,0.0
25,2020-02-16,0.0,0.0
26,2020-02-17,0.0,0.0
27,2020-02-18,0.0,0.0
28,2020-02-19,0.0,0.0
29,2020-02-20,0.0,0.0
30,2020-02-21,0.0,0.0
31,2020-02-22,0.0,0.0
32,2020-02-23,0.0,0.0
33,2020-02-24,0.0,0.0
34,2020-02-25,0.0,0.0
35,2020-02-26,0.0,0.0
36,2020-02-27,0.0,0.0
37,2020-02-28,0.0,0.0
38,2020-02-29,0.0,0.0
39,2020-03-01,3.0,3.0
40,2020-03-02,0.0,3.0
41,2020-03-03,0.0,3.0
42,2020-03-04,0.0,3.0
43,2020-03-05,3.0,6.0
44,2020-03-06,0.0,6.0
45,2020-03-07,3.0,9.0
46,2020-03-08,0.0,9.0
47,2020-03-09,0.0,9.0
48,2020-03-10,2.0,11.0
49,2020-03-11,0.0,11.0
50,2020-03-12,0.0,11.0
51,2020-03-13,4.0,15.0
52,2020-03-14,0.0,15.0
53,2020-03-15,8.0,23.0
54,2020-03-16,5.0,28.0
55,2020-03-17,0.0,28.0
56,2020-03-18,0.0,28.0
57,2020-03-19,16.0,44.0
58,2020-03-20,0.0,44.0
59,2020-03-21,9.0,53.0
60,2020-03-22,12.0,65.0
61,2020-03-23,7.0,72.0
62,2020-03-24,15.0,87.0
63,2020-03-25,6.0,93.0
64,2020-03-26,29.0,122.0
65,2020-03-27,43.0,165.0
66,2020-03-28,17.0,182.0
67,2020-03-29,27.0,209.0
68,2020-03-30,64.0,273.0
69,2020-03-31,25.0,298.0
70,2020-04-01,61.0,359.0
71,2020-04-02,41.0,400.0
72,2020-04-03,43.0,443.0
73,2020-04-04,78.0,521.0
74,2020-04-05,63.0,584.0
75,2020-04-06,57.0,641.0
76,2020-04-07,76.0,717.0
77,2020-04-08,105.0,822.0
78,2020-04-09,104.0,926.0
79,2020-04-10,65.0,991.0
80,2020-04-11,67.0,1058.0
81,2020-04-12,40.0,1098.0
82,2020-04-13,50.0,1148.0
83,2020-04-14,49.0,1197.0
84,2020-04-15,56.0,1253.0
85,2020-04-16,30.0,1283.0
86,2020-04-17,57.0,1340.0
87,2020-04-18,33.0,1373.0
88,2020-04-19,25.0,1398.0
89,2020-04-20,38.0,1436.0
90,2020-04-21,44.0,1480.0
91,2020-04-22,38.0,1518.0
92,2020-04-23,30.0,1548.0
93,2020-04-24,44.0,1592.0
94,2020-04-25,25.0,1617.0
95,2020-04-26,28.0,1645.0
96,2020-04-27,33.0,1678.0
97,2020-04-28,39.0,1717.0
98,2020-04-29,49.0,1766.0
99,2020-04-30,38.0,1804.0
100,2020-05-01,50.0,1854.0
101,2020-05-02,40.0,1894.0
102,2020-05-03,38.0,1932.0
103,2020-05-04,52.0,1984.0
104,2020-05-05,76.0,2060.0
105,2020-05-06,67.0,2127.0
106,2020-05-07,77.0,2204.0
107,2020-05-08,75.0,2279.0
108,2020-05-09,143.0,2422.0
109,2020-05-10,97.0,2519.0
110,2020-05-11,70.0,2589.0
111,2020-05-12,104.0,2693.0
112,2020-05-13,65.0,2758.0
113,2020-05-14,121.0,2879.0
114,2020-05-15,101.0,2980.0
115,2020-05-16,158.0,3138.0
116,2020-05-17,136.0,3274.0
117,2020-05-18,113.0,3387.0
118,2020-05-19,131.0,3518.0
119,2020-05-20,113.0,3631.0
120,2020-05-21,118.0,3749.0
121,2020-05-22,106.0,3855.0
122,2020-05-23,127.0,3982.0
123,2020-05-24,140.0,4122.0
124,2020-05-25,149.0,4271.0
125,2020-05-26,132.0,4403.0
126,2020-05-27,165.0,4568.0
127,2020-05-28,191.0,4759.0
128,2020-05-29,230.0,4989.0
129,2020-05-30,257.0,5246.0
130,2020-05-31,248.0,5494.0
131,2020-06-01,168.0,5662.0
132,2020-06-02,273.0,5935.0
133,2020-06-03,325.0,6260.0
134,2020-06-04,262.0,6522.0
135,2020-06-05,338.0,6860.0
136,2020-06-06,379.0,7239.0
137,2020-06-07,314.0,7553.0
138,2020-06-08,323.0,7876.0
139,2020-06-09,315.0,8191.0
140,2020-06-10,339.0,8530.0
141,2020-06-11,352.0,8882.0
142,2020-06-12,336.0,9218.0
143,2020-06-13,352.0,9570.0
144,2020-06-14,387.0,9957.0
145,2020-06-15,367.0,10324.0
146,2020-06-16,338.0,10662.0
147,2020-06-17,329.0,10991.0
148,2020-06-18,338.0,11329.0
149,2020-06-19,438.0,11767.0
150,2020-06-20,471.0,12238.0
151,2020-06-21,491.0,12729.0
152,2020-06-22,478.0,13207.0
153,2020-06-23,508.0,13715.0
154,2020-06-24,590.0,14305.0
155,2020-06-25,547.0,14852.0
156,2020-06-26,517.0,15369.0
157,2020-06-27,521.0,15890.0
158,2020-06-28,534.0,16424.0
159,2020-06-29,544.0,16968.0
160,2020-06-30,556.0,17524.0
161,2020-07-01,588.0,18112.0
162,2020-07-02,572.0,18684.0
163,2020-07-03,583.0,19267.0
164,2020-07-04,534.0,19801.0
165,2020-07-05,523.0,20324.0
166,2020-07-06,513.0,20837.0
167,2020-07-07,537.0,21374.0
168,2020-07-08,542.0,21916.0
169,2020-07-09,548.0,22464.0
170,2020-07-10,526.0,22990.0
171,2020-07-11,531.0,23521.0
172,2020-07-12,520.0,24041.0
173,2020-07-13,529.0,24570.0
174,2020-07-14,543.0,25113.0
175,2020-07-15,559.0,25672.0
176,2020-07-16,493.0,26165.0
177,2020-07-17,471.0,26636.0
178,2020-07-18,497.0,27133.0
179,2020-07-19,388.0,27521.0
180,2020-07-20,369.0,27890.0
181,2020-07-21,352.0,28242.0
182,2020-07-22,391.0,28633.0
183,2020-07-23,347.0,28980.0
184,2020-07-24,332.0,29312.0
185,2020-07-25,321.0,29633.0
186,2020-07-26,417.0,30050.0
187,2020-07-27,396.0,30446.0
188,2020-07-28,412.0,30858.0
189,2020-07-29,363.0,31221.0
190,2020-07-30,339.0,31560.0
191,2020-07-31,318.0,31878.0
192,2020-08-01,279.0,32157.0
193,2020-08-02,286.0,32443.0
194,2020-08-03,241.0,32684.0
195,2020-08-04,226.0,32910.0
196,2020-08-05,193.0,33103.0
197,2020-08-06,144.0,33247.0
198,2020-08-07,129.0,33376.0
199,2020-08-08,105.0,33481.0
200,2020-08-09,87.0,33568.0
201,2020-08-10,79.0,33647.0
202,2020-08-11,84.0,33731.0
203,2020-08-12,93.0,33824.0
204,2020-08-13,91.0,33915.0
205,2020-08-14,103.0,34018.0
206,2020-08-15,89.0,34107.0
207,2020-08-16,112.0,34219.0
208,2020-08-17,124.0,34343.0
209,2020-08-18,131.0,34474.0
210,2020-08-19,146.0,34620.0
211,2020-08-20,139.0,34759.0
212,2020-08-21,162.0,34921.0
213,2020-08-22,184.0,35105.0
214,2020-08-23,169.0,35274.0
215,2020-08-24,152.0,35426.0
216,2020-08-25,133.0,35559.0
217,2020-08-26,148.0,35707.0
218,2020-08-27,137.0,35844.0
219,2020-08-28,142.0,35986.0
220,2020-08-29,188.0,36174.0
221,2020-08-30,135.0,36309.0
222,2020-08-31,126.0,36435.0
223,2020-09-01,143.0,36578.0
224,2020-09-02,154.0,36732.0
225,2020-09-03,167.0,36899.0
226,2020-09-04,132.0,37031.0
227,2020-09-05,161.0,37192.0
228,2020-09-06,137.0,37329.0
229,2020-09-07,89.0,37418.0
230,2020-09-08,139.0,37557.0
231,2020-09-09,175.0,37732.0
232,2020-09-10,142.0,37874.0
233,2020-09-11,163.0,38037.0
234,2020-09-12,135.0,38172.0
235,2020-09-13,155.0,38327.0
236,2020-09-14,76.0,38403.0
237,2020-09-15,114.0,38517.0
238,2020-09-16,141.0,38658.0
239,2020-09-17,119.0,38777.0
240,2020-09-18,117.0,38894.0
241,2020-09-19,148.0,39042.0
242,2020-09-20,146.0,39188.0
243,2020-09-21,92.0,39280.0
244,2020-09-22,98.0,39378.0
245,2020-09-23,146.0,39524.0
246,2020-09-24,162.0,39686.0
247,2020-09-25,101.0,39787.0
248,2020-09-26,108.0,39895.0
249,2020-09-27,128.0,40023.0
250,2020-09-28,38.0,40061.0
251,2020-09-29,58.0,40119.0
252,2020-09-30,110.0,40229.0
253,2020-10-01,80.0,40309.0
254,2020-10-02,144.0,40453.0
255,2020-10-03,108.0,40561.0
256,2020-10-04,130.0,40691.0
257,2020-10-05,97.0,40788.0
258,2020-10-06,143.0,40931.0
259,2020-10-07,182.0,41113.0
260,2020-10-08,191.0,41304.0
261,2020-10-09,215.0,41519.0
262,2020-10-10,233.0,41752.0
263,2020-10-11,230.0,41982.0
264,2020-10-12,122.0,42104.0
265,2020-10-13,277.0,42381.0
266,2020-10-14,369.0,42750.0
267,2020-10-15,530.0,43280.0
268,2020-10-16,509.0,43789.0
269,2020-10-17,528.0,44317.0
270,2020-10-18,647.0,44964.0
271,2020-10-19,331.0,45295.0
272,2020-10-20,584.0,45879.0
273,2020-10-21,714.0,46593.0
274,2020-10-22,825.0,47418.0
275,2020-10-23,803.0,48221.0
276,2020-10-24,792.0,49013.0
277,2020-10-25,946.0,49959.0
278,2020-10-26,527.0,50486.0
279,2020-10-27,663.0,51149.0
280,2020-10-28,988.0,52137.0
281,2020-10-29,1015.0,53152.0
282,2020-10-30,1022.0,54174.0
283,2020-10-31,1095.0,55269.0
284,2020-11-01,1175.0,56444.0
285,2020-11-02,596.0,57040.0
286,2020-11-03,1242.0,58282.0
287,2020-11-04,1227.0,59509.0
288,2020-11-05,1364.0,60873.0
289,2020-11-06,1465.0,62338.0
290,2020-11-07,1410.0,63748.0
291,2020-11-08,1663.0,65411.0
292,2020-11-09,635.0,66046.0
293,2020-11-10,1346.0,67392.0
294,2020-11-11,1202.0,68594.0
295,2020-11-12,1622.0,70216.0
296,2020-11-13,1364.0,71580.0
297,2020-11-14,1849.0,73429.0
298,2020-11-15,2259.0,75688.0
299,2020-11-16,1395.0,77083.0
300,2020-11-17,2075.0,79158.0
301,2020-11-18,2239.0,81397.0
302,2020-11-19,2597.0,83994.0
303,2020-11-20,3169.0,87163.0
304,2020-11-21,2735.0,89898.0
305,2020-11-22,3196.0,93094.0
306,2020-11-23,2187.0,95281.0
307,2020-11-24,3646.0,98927.0
308,2020-11-25,3469.0,102396.0
309,2020-11-26,3705.0,106101.0
310,2020-11-27,3712.0,109813.0
311,2020-11-28,4212.0,114025.0
312,2020-11-29,4170.0,118195.0
313,2020-11-30,2981.0,121176.0
314,2020-12-01,4426.0,125602.0
315,2020-12-02,3942.0,129544.0
316,2020-12-03,4189.0,133733.0
317,2020-12-04,4267.0,138000.0
318,2020-12-05,4323.0,142323.0
319,2020-12-06,4356.0,146679.0
320,2020-12-07,3086.0,149765.0
321,2020-12-08,4387.0,154152.0
322,2020-12-09,4403.0,158555.0
323,2020-12-10,4219.0,162774.0
324,2020-12-11,4381.0,167155.0
325,2020-12-12,4268.0,171423.0
326,2020-12-13,4451.0,175874.0
327,2020-12-14,3112.0,178986.0
328,2020-12-15,4273.0,183259.0
329,2020-12-16,4077.0,187336.0
330,2020-12-17,4124.0,191460.0
331,2020-12-18,3962.0,195422.0
332,2020-12-19,3705.0,199127.0
333,2020-12-20,2961.0,202088.0
334,2020-12-21,1505.0,203593.0
335,2020-12-22,2284.0,205877.0
336,2020-12-23,2334.0,208211.0
337,2020-12-24,1850.0,210061.0
338,2020-12-25,1703.0,211764.0
339,2020-12-26,1428.0,213192.0
340,2020-12-27,1519.0,214711.0
341,2020-12-28,772.0,215483.0
342,2020-12-29,1101.0,216584.0
343,2020-12-30,1052.0,217636.0
344,2020-12-31,1064.0,218700.0
345,2021-01-01,341.0,219041.0
346,2021-01-02,421.0,219462.0
347,2021-01-03,803.0,220265.0
348,2021-01-04,334.0,220599.0
349,2021-01-05,802.0,221401.0
350,2021-01-06,799.0,222200.0
351,2021-01-07,685.0,222885.0
352,2021-01-08,532.0,223417.0
353,2021-01-09,633.0,224050.0
354,2021-01-10,601.0,224651.0
355,2021-01-11,176.0,224827.0
356,2021-01-12,519.0,225346.0
357,2021-01-13,474.0,225820.0
358,2021-01-14,380.0,226200.0
359,2021-01-15,349.0,226549.0
360,2021-01-16,402.0,226951.0
361,2021-01-17,322.0,227273.0
362,2021-01-18,118.0,227391.0
363,2021-01-19,305.0,227696.0
364,2021-01-20,332.0,228028.0
365,2021-01-21,218.0,228246.0
366,2021-01-22,280.0,228526.0
367,2021-01-23,162.0,228688.0
368,2021-01-24,287.0,228975.0
369,2021-01-25,57.0,229032.0
370,2021-01-26,326.0,229358.0
371,2021-01-27,226.0,229584.0
372,2021-01-28,209.0,229793.0
373,2021-01-29,142.0,229935.0
374,2021-01-30,131.0,230066.0
375,2021-01-31,153.0,230219.0
376,2021-02-01,77.0,230296.0
377,2021-02-02,159.0,230455.0
378,2021-02-03,162.0,230617.0
379,2021-02-04,152.0,230769.0
380,2021-02-05,138.0,230907.0
381,2021-02-06,115.0,231022.0
382,2021-02-07,132.0,231154.0
383,2021-02-08,44.0,231198.0
384,2021-02-09,164.0,231362.0
385,2021-02-10,147.0,231509.0
386,2021-02-11,140.0,231649.0
387,2021-02-12,191.0,231840.0
388,2021-02-13,155.0,231995.0
389,2021-02-14,128.0,232123.0
390,2021-02-15,74.0,232197.0
391,2021-02-16,140.0,232337.0
392,2021-02-17,154.0,232491.0
