,dates,cases,cumul
0,2020-01-22,0.0,0.0
1,2020-01-23,0.0,0.0
2,2020-01-24,0.0,0.0
3,2020-01-25,0.0,0.0
4,2020-01-26,1.0,1.0
5,2020-01-27,0.0,1.0
6,2020-01-28,1.0,2.0
7,2020-01-29,0.0,2.0
8,2020-01-30,0.0,2.0
9,2020-01-31,2.0,4.0
10,2020-02-01,0.0,4.0
11,2020-02-02,0.0,4.0
12,2020-02-03,0.0,4.0
13,2020-02-04,0.0,4.0
14,2020-02-05,1.0,5.0
15,2020-02-06,0.0,5.0
16,2020-02-07,2.0,7.0
17,2020-02-08,0.0,7.0
18,2020-02-09,0.0,7.0
19,2020-02-10,0.0,7.0
20,2020-02-11,0.0,7.0
21,2020-02-12,0.0,7.0
22,2020-02-13,0.0,7.0
23,2020-02-14,0.0,7.0
24,2020-02-15,0.0,7.0
25,2020-02-16,0.0,7.0
26,2020-02-17,1.0,8.0
27,2020-02-18,0.0,8.0
28,2020-02-19,0.0,8.0
29,2020-02-20,0.0,8.0
30,2020-02-21,1.0,9.0
31,2020-02-22,0.0,9.0
32,2020-02-23,0.0,9.0
33,2020-02-24,1.0,10.0
34,2020-02-25,1.0,11.0
35,2020-02-26,0.0,11.0
36,2020-02-27,2.0,13.0
37,2020-02-28,1.0,14.0
38,2020-02-29,6.0,20.0
39,2020-03-01,4.0,24.0
40,2020-03-02,3.0,27.0
41,2020-03-03,3.0,30.0
42,2020-03-04,3.0,33.0
43,2020-03-05,4.0,37.0
44,2020-03-06,12.0,49.0
45,2020-03-07,5.0,54.0
46,2020-03-08,10.0,64.0
47,2020-03-09,13.0,77.0
48,2020-03-10,2.0,79.0
49,2020-03-11,29.0,108.0
50,2020-03-12,9.0,117.0
51,2020-03-13,76.0,193.0
52,2020-03-14,5.0,198.0
53,2020-03-15,54.0,252.0
54,2020-03-16,163.0,415.0
55,2020-03-17,63.0,478.0
56,2020-03-18,179.0,657.0
57,2020-03-19,143.0,800.0
58,2020-03-20,143.0,943.0
59,2020-03-21,334.0,1277.0
60,2020-03-22,192.0,1469.0
61,2020-03-23,619.0,2088.0
62,2020-03-24,702.0,2790.0
63,2020-03-25,461.0,3251.0
64,2020-03-26,791.0,4042.0
65,2020-03-27,640.0,4682.0
66,2020-03-28,894.0,5576.0
67,2020-03-29,704.0,6280.0
68,2020-03-30,1118.0,7398.0
69,2020-03-31,1129.0,8527.0
70,2020-04-01,1033.0,9560.0
71,2020-04-02,1724.0,11284.0
72,2020-04-03,1153.0,12437.0
73,2020-04-04,541.0,12978.0
74,2020-04-05,2778.0,15756.0
75,2020-04-06,807.0,16563.0
76,2020-04-07,1309.0,17872.0
77,2020-04-08,1269.0,19141.0
78,2020-04-09,1513.0,20654.0
79,2020-04-10,1405.0,22059.0
80,2020-04-11,1257.0,23316.0
81,2020-04-12,983.0,24299.0
82,2020-04-13,1381.0,25680.0
83,2020-04-14,1355.0,27035.0
84,2020-04-15,1174.0,28209.0
85,2020-04-16,2600.0,30809.0
86,2020-04-17,2005.0,32814.0
87,2020-04-18,1542.0,34356.0
88,2020-04-19,1277.0,35633.0
89,2020-04-20,2025.0,37658.0
90,2020-04-21,1744.0,39402.0
91,2020-04-22,2261.0,41663.0
92,2020-04-23,1636.0,43299.0
93,2020-04-24,1620.0,44919.0
94,2020-04-25,1452.0,46371.0
95,2020-04-26,1662.0,48033.0
96,2020-04-27,1583.0,49616.0
97,2020-04-28,1534.0,51150.0
98,2020-04-29,1715.0,52865.0
99,2020-04-30,1592.0,54457.0
100,2020-05-01,1886.0,56343.0
101,2020-05-02,1583.0,57926.0
102,2020-05-03,2578.0,60504.0
103,2020-05-04,1453.0,61957.0
104,2020-05-05,1258.0,63215.0
105,2020-05-06,1479.0,64694.0
106,2020-05-07,1507.0,66201.0
107,2020-05-08,1473.0,67674.0
108,2020-05-09,1244.0,68918.0
109,2020-05-10,1173.0,70091.0
110,2020-05-11,1173.0,71264.0
111,2020-05-12,1155.0,72419.0
112,2020-05-13,1149.0,73568.0
113,2020-05-14,1213.0,74781.0
114,2020-05-15,1178.0,75959.0
115,2020-05-16,1247.0,77206.0
116,2020-05-17,1126.0,78332.0
117,2020-05-18,1079.0,79411.0
118,2020-05-19,1082.0,80493.0
119,2020-05-20,1082.0,81575.0
120,2020-05-21,1167.0,82742.0
121,2020-05-22,1205.0,83947.0
122,2020-05-23,1204.0,85151.0
123,2020-05-24,955.0,86106.0
124,2020-05-25,1013.0,87119.0
125,2020-05-26,971.0,88090.0
126,2020-05-27,899.0,88989.0
127,2020-05-28,987.0,89976.0
128,2020-05-29,933.0,90909.0
129,2020-05-30,772.0,91681.0
130,2020-05-31,798.0,92479.0
131,2020-06-01,809.0,93288.0
132,2020-06-02,672.0,93960.0
133,2020-06-03,681.0,94641.0
134,2020-06-04,628.0,95269.0
135,2020-06-05,678.0,95947.0
136,2020-06-06,528.0,96475.0
137,2020-06-07,703.0,97178.0
138,2020-06-08,601.0,97779.0
139,2020-06-09,462.0,98241.0
140,2020-06-10,479.0,98720.0
141,2020-06-11,439.0,99159.0
142,2020-06-12,436.0,99595.0
143,2020-06-13,448.0,100043.0
144,2020-06-14,361.0,100404.0
145,2020-06-15,359.0,100763.0
146,2020-06-16,324.0,101087.0
147,2020-06-17,404.0,101491.0
148,2020-06-18,386.0,101877.0
149,2020-06-19,437.0,102314.0
150,2020-06-20,448.0,102762.0
151,2020-06-21,316.0,103078.0
152,2020-06-22,340.0,103418.0
153,2020-06-23,349.0,103767.0
154,2020-06-24,320.0,104087.0
155,2020-06-25,376.0,104463.0
156,2020-06-26,166.0,104629.0
157,2020-06-27,249.0,104878.0
158,2020-06-28,315.0,105193.0
159,2020-06-29,637.0,105830.0
160,2020-06-30,267.0,106097.0
161,2020-07-01,191.0,106288.0
162,2020-07-02,355.0,106643.0
163,2020-07-03,319.0,106962.0
164,2020-07-04,223.0,107185.0
165,2020-07-05,209.0,107394.0
166,2020-07-06,421.0,107815.0
167,2020-07-07,208.0,108023.0
168,2020-07-08,311.0,108334.0
169,2020-07-09,322.0,108656.0
170,2020-07-10,328.0,108984.0
171,2020-07-11,166.0,109150.0
172,2020-07-12,198.0,109348.0
173,2020-07-13,636.0,109984.0
174,2020-07-14,366.0,110350.0
175,2020-07-15,343.0,110693.0
176,2020-07-16,451.0,111144.0
177,2020-07-17,415.0,111559.0
178,2020-07-18,316.0,111875.0
179,2020-07-19,293.0,112168.0
180,2020-07-20,770.0,112938.0
181,2020-07-21,535.0,113473.0
182,2020-07-22,317.0,113790.0
183,2020-07-23,608.0,114398.0
184,2020-07-24,717.0,115115.0
185,2020-07-25,355.0,115470.0
186,2020-07-26,319.0,115789.0
187,2020-07-27,682.0,116471.0
188,2020-07-28,400.0,116871.0
189,2020-07-29,486.0,117357.0
190,2020-07-30,320.0,117677.0
191,2020-07-31,604.0,118281.0
192,2020-08-01,242.0,118523.0
193,2020-08-02,245.0,118768.0
194,2020-08-03,205.0,118973.0
195,2020-08-04,686.0,119659.0
196,2020-08-05,374.0,120033.0
197,2020-08-06,354.0,120387.0
198,2020-08-07,516.0,120903.0
199,2020-08-08,245.0,121148.0
200,2020-08-09,219.0,121367.0
201,2020-08-10,686.0,122053.0
202,2020-08-11,336.0,122389.0
203,2020-08-12,314.0,122703.0
204,2020-08-13,477.0,123180.0
205,2020-08-14,425.0,123605.0
206,2020-08-15,220.0,123825.0
207,2020-08-16,179.0,124004.0
208,2020-08-17,214.0,124218.0
209,2020-08-18,866.0,125084.0
210,2020-08-19,324.0,125408.0
211,2020-08-20,217.0,125625.0
212,2020-08-21,694.0,126319.0
213,2020-08-22,241.0,126560.0
214,2020-08-23,257.0,126817.0
215,2020-08-24,777.0,127594.0
216,2020-08-25,309.0,127903.0
217,2020-08-26,477.0,128380.0
218,2020-08-27,456.0,128836.0
219,2020-08-28,506.0,129342.0
220,2020-08-29,297.0,129639.0
221,2020-08-30,249.0,129888.0
222,2020-08-31,1030.0,130918.0
223,2020-09-01,504.0,131422.0
224,2020-09-02,519.0,131941.0
225,2020-09-03,586.0,132527.0
226,2020-09-04,614.0,133141.0
227,2020-09-05,370.0,133511.0
228,2020-09-06,379.0,133890.0
229,2020-09-07,405.0,134295.0
230,2020-09-08,1462.0,135757.0
231,2020-09-09,378.0,136135.0
232,2020-09-10,821.0,136956.0
233,2020-09-11,720.0,137676.0
234,2020-09-12,488.0,138164.0
235,2020-09-13,476.0,138640.0
236,2020-09-14,1458.0,140098.0
237,2020-09-15,802.0,140900.0
238,2020-09-16,952.0,141852.0
239,2020-09-17,1027.0,142879.0
240,2020-09-18,1174.0,144053.0
241,2020-09-19,554.0,144607.0
242,2020-09-20,1143.0,145750.0
243,2020-09-21,1833.0,147583.0
244,2020-09-22,1272.0,148855.0
245,2020-09-23,1084.0,149939.0
246,2020-09-24,1148.0,151087.0
247,2020-09-25,1630.0,152717.0
248,2020-09-26,1053.0,153770.0
249,2020-09-27,1658.0,155428.0
250,2020-09-28,1791.0,157219.0
251,2020-09-29,1772.0,158991.0
252,2020-09-30,2116.0,161107.0
253,2020-10-01,1823.0,162930.0
254,2020-10-02,2124.0,165054.0
255,2020-10-03,1306.0,166360.0
256,2020-10-04,2141.0,168501.0
257,2020-10-05,2883.0,171384.0
258,2020-10-06,2372.0,173756.0
259,2020-10-07,1624.0,175380.0
260,2020-10-08,2350.0,177730.0
261,2020-10-09,2895.0,180625.0
262,2020-10-10,2142.0,182767.0
263,2020-10-11,1636.0,184403.0
264,2020-10-12,975.0,185378.0
265,2020-10-13,4111.0,189489.0
266,2020-10-14,2575.0,192064.0
267,2020-10-15,2298.0,194362.0
268,2020-10-16,2566.0,196928.0
269,2020-10-17,139.0,197067.0
270,2020-10-18,3737.0,200804.0
271,2020-10-19,3307.0,204111.0
272,2020-10-20,2238.0,206349.0
273,2020-10-21,2687.0,209036.0
274,2020-10-22,2581.0,211617.0
275,2020-10-23,2902.0,214519.0
276,2020-10-24,1532.0,216051.0
277,2020-10-25,2823.0,218874.0
278,2020-10-26,4099.0,222973.0
279,2020-10-27,2730.0,225703.0
280,2020-10-28,2663.0,228366.0
281,2020-10-29,3017.0,231383.0
282,2020-10-30,3556.0,234939.0
283,2020-10-31,2374.0,237313.0
284,2020-11-01,2336.0,239649.0
285,2020-11-02,3529.0,243178.0
286,2020-11-03,4738.0,247916.0
287,2020-11-04,2782.0,250698.0
288,2020-11-05,2784.0,253482.0
289,2020-11-06,5393.0,258875.0
290,2020-11-07,4346.0,263221.0
291,2020-11-08,3944.0,267165.0
292,2020-11-09,4871.0,272036.0
293,2020-11-10,4445.0,276481.0
294,2020-11-11,3984.0,280465.0
295,2020-11-12,5474.0,285939.0
296,2020-11-13,4770.0,290709.0
297,2020-11-14,4430.0,295139.0
298,2020-11-15,4301.0,299440.0
299,2020-11-16,6033.0,305473.0
300,2020-11-17,4462.0,309935.0
301,2020-11-18,4518.0,314453.0
302,2020-11-19,4794.0,319247.0
303,2020-11-20,4987.0,324234.0
304,2020-11-21,4957.0,329191.0
305,2020-11-22,4745.0,333936.0
306,2020-11-23,6795.0,340731.0
307,2020-11-24,5282.0,346013.0
308,2020-11-25,4958.0,350971.0
309,2020-11-26,5679.0,356650.0
310,2020-11-27,5954.0,362604.0
311,2020-11-28,5675.0,368279.0
312,2020-11-29,5383.0,373662.0
313,2020-11-30,7895.0,381557.0
314,2020-12-01,5495.0,387052.0
315,2020-12-02,6454.0,393506.0
316,2020-12-03,6264.0,399770.0
317,2020-12-04,6419.0,406189.0
318,2020-12-05,6354.0,412543.0
319,2020-12-06,6305.0,418848.0
320,2020-12-07,7724.0,426572.0
321,2020-12-08,6171.0,432743.0
322,2020-12-09,6399.0,439142.0
323,2020-12-10,6686.0,445828.0
324,2020-12-11,6715.0,452543.0
325,2020-12-12,5984.0,458527.0
326,2020-12-13,5916.0,464443.0
327,2020-12-14,8377.0,472820.0
328,2020-12-15,6244.0,479064.0
329,2020-12-16,6512.0,485576.0
330,2020-12-17,7006.0,492582.0
331,2020-12-18,6700.0,499282.0
332,2020-12-19,6459.0,505741.0
333,2020-12-20,6007.0,511748.0
334,2020-12-21,7577.0,519325.0
335,2020-12-22,6260.0,525585.0
336,2020-12-23,6921.0,532506.0
337,2020-12-24,6684.0,539190.0
338,2020-12-25,1749.0,540939.0
339,2020-12-26,3114.0,544053.0
340,2020-12-27,10100.0,554153.0
341,2020-12-28,6465.0,560618.0
342,2020-12-29,8189.0,568807.0
343,2020-12-30,8459.0,577266.0
344,2020-12-31,7143.0,584409.0
345,2021-01-01,991.0,585400.0
346,2021-01-02,4535.0,589935.0
347,2021-01-03,16141.0,606076.0
348,2021-01-04,10058.0,616134.0
349,2021-01-05,7250.0,623384.0
350,2021-01-06,8082.0,631466.0
351,2021-01-07,8227.0,639693.0
352,2021-01-08,9237.0,648930.0
353,2021-01-09,8393.0,657323.0
354,2021-01-10,7283.0,664606.0
355,2021-01-11,8325.0,672931.0
356,2021-01-12,6141.0,679072.0
357,2021-01-13,7139.0,686211.0
358,2021-01-14,7447.0,693658.0
359,2021-01-15,6880.0,700538.0
360,2021-01-16,6359.0,706897.0
361,2021-01-17,6284.0,713181.0
362,2021-01-18,6420.0,719601.0
363,2021-01-19,5028.0,724629.0
364,2021-01-20,5701.0,730330.0
365,2021-01-21,6111.0,736441.0
366,2021-01-22,5827.0,742268.0
367,2021-01-23,5094.0,747362.0
368,2021-01-24,4679.0,752041.0
369,2021-01-25,5617.0,757658.0
370,2021-01-26,4041.0,761699.0
371,2021-01-27,4320.0,766019.0
372,2021-01-28,4806.0,770825.0
373,2021-01-29,4827.0,775652.0
374,2021-01-30,4110.0,779762.0
375,2021-01-31,3933.0,783695.0
376,2021-02-01,4502.0,788197.0
377,2021-02-02,2948.0,791145.0
378,2021-02-03,3267.0,794412.0
379,2021-02-04,3982.0,798394.0
380,2021-02-05,4136.0,802530.0
381,2021-02-06,3264.0,805794.0
382,2021-02-07,3207.0,809001.0
383,2021-02-08,3803.0,812804.0
384,2021-02-09,2683.0,815487.0
385,2021-02-10,3268.0,818755.0
386,2021-02-11,3177.0,821932.0
387,2021-02-12,2679.0,824611.0
388,2021-02-13,3797.0,828408.0
389,2021-02-14,2204.0,830612.0
390,2021-02-15,1763.0,832375.0
391,2021-02-16,4219.0,836594.0
392,2021-02-17,2561.0,839155.0
