,dates,cases,cumul
0,2020-01-22,548.0,548.0
1,2020-01-23,95.0,643.0
2,2020-01-24,277.0,920.0
3,2020-01-25,486.0,1406.0
4,2020-01-26,669.0,2075.0
5,2020-01-27,802.0,2877.0
6,2020-01-28,2632.0,5509.0
7,2020-01-29,578.0,6087.0
8,2020-01-30,2054.0,8141.0
9,2020-01-31,1661.0,9802.0
10,2020-02-01,2089.0,11891.0
11,2020-02-02,4739.0,16630.0
12,2020-02-03,3086.0,19716.0
13,2020-02-04,3991.0,23707.0
14,2020-02-05,3733.0,27440.0
15,2020-02-06,3147.0,30587.0
16,2020-02-07,3523.0,34110.0
17,2020-02-08,2704.0,36814.0
18,2020-02-09,3015.0,39829.0
19,2020-02-10,2525.0,42354.0
20,2020-02-11,2032.0,44386.0
21,2020-02-12,373.0,44759.0
22,2020-02-13,15136.0,59895.0
23,2020-02-14,6463.0,66358.0
24,2020-02-15,2055.0,68413.0
25,2020-02-16,2100.0,70513.0
26,2020-02-17,1921.0,72434.0
27,2020-02-18,1777.0,74211.0
28,2020-02-19,408.0,74619.0
29,2020-02-20,458.0,75077.0
30,2020-02-21,473.0,75550.0
31,2020-02-22,1451.0,77001.0
32,2020-02-23,21.0,77022.0
33,2020-02-24,219.0,77241.0
34,2020-02-25,513.0,77754.0
35,2020-02-26,412.0,78166.0
36,2020-02-27,434.0,78600.0
37,2020-02-28,328.0,78928.0
38,2020-02-29,428.0,79356.0
39,2020-03-01,576.0,79932.0
40,2020-03-02,204.0,80136.0
41,2020-03-03,125.0,80261.0
42,2020-03-04,125.0,80386.0
43,2020-03-05,151.0,80537.0
44,2020-03-06,153.0,80690.0
45,2020-03-07,80.0,80770.0
46,2020-03-08,53.0,80823.0
47,2020-03-09,37.0,80860.0
48,2020-03-10,27.0,80887.0
49,2020-03-11,34.0,80921.0
50,2020-03-12,11.0,80932.0
51,2020-03-13,13.0,80945.0
52,2020-03-14,32.0,80977.0
53,2020-03-15,26.0,81003.0
54,2020-03-16,30.0,81033.0
55,2020-03-17,25.0,81058.0
56,2020-03-18,44.0,81102.0
57,2020-03-19,54.0,81156.0
58,2020-03-20,94.0,81250.0
59,2020-03-21,55.0,81305.0
60,2020-03-22,130.0,81435.0
61,2020-03-23,63.0,81498.0
62,2020-03-24,93.0,81591.0
63,2020-03-25,70.0,81661.0
64,2020-03-26,121.0,81782.0
65,2020-03-27,115.0,81897.0
66,2020-03-28,102.0,81999.0
67,2020-03-29,123.0,82122.0
68,2020-03-30,76.0,82198.0
69,2020-03-31,81.0,82279.0
70,2020-04-01,82.0,82361.0
71,2020-04-02,71.0,82432.0
72,2020-04-03,79.0,82511.0
73,2020-04-04,32.0,82543.0
74,2020-04-05,59.0,82602.0
75,2020-04-06,63.0,82665.0
76,2020-04-07,53.0,82718.0
77,2020-04-08,91.0,82809.0
78,2020-04-09,74.0,82883.0
79,2020-04-10,58.0,82941.0
80,2020-04-11,73.0,83014.0
81,2020-04-12,120.0,83134.0
82,2020-04-13,79.0,83213.0
83,2020-04-14,93.0,83306.0
84,2020-04-15,50.0,83356.0
85,2020-04-16,47.0,83403.0
86,2020-04-17,357.0,83760.0
87,2020-04-18,27.0,83787.0
88,2020-04-19,18.0,83805.0
89,2020-04-20,12.0,83817.0
90,2020-04-21,36.0,83853.0
91,2020-04-22,15.0,83868.0
92,2020-04-23,16.0,83884.0
93,2020-04-24,15.0,83899.0
94,2020-04-25,10.0,83909.0
95,2020-04-26,3.0,83912.0
96,2020-04-27,6.0,83918.0
97,2020-04-28,22.0,83940.0
98,2020-04-29,4.0,83944.0
99,2020-04-30,12.0,83956.0
100,2020-05-01,3.0,83959.0
101,2020-05-02,0.0,83959.0
102,2020-05-03,5.0,83964.0
103,2020-05-04,2.0,83966.0
104,2020-05-05,2.0,83968.0
105,2020-05-06,2.0,83970.0
106,2020-05-07,5.0,83975.0
107,2020-05-08,1.0,83976.0
108,2020-05-09,14.0,83990.0
109,2020-05-10,20.0,84010.0
110,2020-05-11,1.0,84011.0
111,2020-05-12,7.0,84018.0
112,2020-05-13,6.0,84024.0
113,2020-05-14,5.0,84029.0
114,2020-05-15,9.0,84038.0
115,2020-05-16,6.0,84044.0
116,2020-05-17,10.0,84054.0
117,2020-05-18,9.0,84063.0
118,2020-05-19,0.0,84063.0
119,2020-05-20,0.0,84063.0
120,2020-05-21,0.0,84063.0
121,2020-05-22,18.0,84081.0
122,2020-05-23,3.0,84084.0
123,2020-05-24,11.0,84095.0
124,2020-05-25,7.0,84102.0
125,2020-05-26,1.0,84103.0
126,2020-05-27,3.0,84106.0
127,2020-05-28,0.0,84106.0
128,2020-05-29,17.0,84123.0
129,2020-05-30,5.0,84128.0
130,2020-05-31,18.0,84146.0
131,2020-06-01,8.0,84154.0
132,2020-06-02,7.0,84161.0
133,2020-06-03,-1.0,84160.0
134,2020-06-04,11.0,84171.0
135,2020-06-05,6.0,84177.0
136,2020-06-06,9.0,84186.0
137,2020-06-07,5.0,84191.0
138,2020-06-08,4.0,84195.0
139,2020-06-09,3.0,84198.0
140,2020-06-10,11.0,84209.0
141,2020-06-11,7.0,84216.0
142,2020-06-12,12.0,84228.0
143,2020-06-13,58.0,84286.0
144,2020-06-14,49.0,84335.0
145,2020-06-15,43.0,84378.0
146,2020-06-16,44.0,84422.0
147,2020-06-17,36.0,84458.0
148,2020-06-18,36.0,84494.0
149,2020-06-19,0.0,84494.0
150,2020-06-20,59.0,84553.0
151,2020-06-21,19.0,84572.0
152,2020-06-22,52.0,84624.0
153,2020-06-23,29.0,84653.0
154,2020-06-24,20.0,84673.0
155,2020-06-25,28.0,84701.0
156,2020-06-26,24.0,84725.0
157,2020-06-27,18.0,84743.0
158,2020-06-28,14.0,84757.0
159,2020-06-29,23.0,84780.0
160,2020-06-30,5.0,84785.0
161,2020-07-01,31.0,84816.0
162,2020-07-02,14.0,84830.0
163,2020-07-03,8.0,84838.0
164,2020-07-04,19.0,84857.0
165,2020-07-05,14.0,84871.0
166,2020-07-06,18.0,84889.0
167,2020-07-07,28.0,84917.0
168,2020-07-08,33.0,84950.0
169,2020-07-09,42.0,84992.0
170,2020-07-10,0.0,84992.0
171,2020-07-11,79.0,85071.0
172,2020-07-12,46.0,85117.0
173,2020-07-13,0.0,85117.0
174,2020-07-14,109.0,85226.0
175,2020-07-15,20.0,85246.0
176,2020-07-16,81.0,85327.0
177,2020-07-17,75.0,85402.0
178,2020-07-18,16.0,85418.0
179,2020-07-19,85.0,85503.0
180,2020-07-20,119.0,85622.0
181,2020-07-21,86.0,85708.0
182,2020-07-22,198.0,85906.0
183,2020-07-23,139.0,86045.0
184,2020-07-24,157.0,86202.0
185,2020-07-25,179.0,86381.0
186,2020-07-26,189.0,86570.0
187,2020-07-27,213.0,86783.0
188,2020-07-28,207.0,86990.0
189,2020-07-29,223.0,87213.0
190,2020-07-30,276.0,87489.0
191,2020-07-31,166.0,87655.0
192,2020-08-01,172.0,87827.0
193,2020-08-02,158.0,87985.0
194,2020-08-03,114.0,88099.0
195,2020-08-04,107.0,88206.0
196,2020-08-05,122.0,88328.0
197,2020-08-06,132.0,88460.0
198,2020-08-07,120.0,88580.0
199,2020-08-08,92.0,88672.0
200,2020-08-09,121.0,88793.0
201,2020-08-10,113.0,88906.0
202,2020-08-11,52.0,88958.0
203,2020-08-12,87.0,89045.0
204,2020-08-13,99.0,89144.0
205,2020-08-14,70.0,89214.0
206,2020-08-15,65.0,89279.0
207,2020-08-16,96.0,89375.0
208,2020-08-17,66.0,89441.0
209,2020-08-18,53.0,89494.0
210,2020-08-19,33.0,89527.0
211,2020-08-20,40.0,89567.0
212,2020-08-21,49.0,89616.0
213,2020-08-22,38.0,89654.0
214,2020-08-23,41.0,89695.0
215,2020-08-24,23.0,89718.0
216,2020-08-25,34.0,89752.0
217,2020-08-26,32.0,89784.0
218,2020-08-27,30.0,89814.0
219,2020-08-28,22.0,89836.0
220,2020-08-29,27.0,89863.0
221,2020-08-30,32.0,89895.0
222,2020-08-31,19.0,89914.0
223,2020-09-01,19.0,89933.0
224,2020-09-02,20.0,89953.0
225,2020-09-03,33.0,89986.0
226,2020-09-04,22.0,90008.0
227,2020-09-05,17.0,90025.0
228,2020-09-06,33.0,90058.0
229,2020-09-07,20.0,90078.0
230,2020-09-08,9.0,90087.0
231,2020-09-09,13.0,90100.0
232,2020-09-10,27.0,90127.0
233,2020-09-11,18.0,90145.0
234,2020-09-12,23.0,90168.0
235,2020-09-13,29.0,90197.0
236,2020-09-14,22.0,90219.0
237,2020-09-15,16.0,90235.0
238,2020-09-16,18.0,90253.0
239,2020-09-17,41.0,90294.0
240,2020-09-18,17.0,90311.0
241,2020-09-19,23.0,90334.0
242,2020-09-20,35.0,90369.0
243,2020-09-21,12.0,90381.0
244,2020-09-22,18.0,90399.0
245,2020-09-23,10.0,90409.0
246,2020-09-24,15.0,90424.0
247,2020-09-25,17.0,90441.0
248,2020-09-26,15.0,90456.0
249,2020-09-27,27.0,90483.0
250,2020-09-28,22.0,90505.0
251,2020-09-29,23.0,90528.0
252,2020-09-30,17.0,90545.0
253,2020-10-01,22.0,90567.0
254,2020-10-02,17.0,90584.0
255,2020-10-03,20.0,90604.0
256,2020-10-04,25.0,90629.0
257,2020-10-05,23.0,90652.0
258,2020-10-06,15.0,90667.0
259,2020-10-07,20.0,90687.0
260,2020-10-08,41.0,90728.0
261,2020-10-09,23.0,90751.0
262,2020-10-10,27.0,90778.0
263,2020-10-11,34.0,90812.0
264,2020-10-12,18.0,90830.0
265,2020-10-13,28.0,90858.0
266,2020-10-14,11.0,90869.0
267,2020-10-15,36.0,90905.0
268,2020-10-16,20.0,90925.0
269,2020-10-17,30.0,90955.0
270,2020-10-18,17.0,90972.0
271,2020-10-19,34.0,91006.0
272,2020-10-20,16.0,91022.0
273,2020-10-21,22.0,91044.0
274,2020-10-22,29.0,91073.0
275,2020-10-23,35.0,91108.0
276,2020-10-24,20.0,91128.0
277,2020-10-25,23.0,91151.0
278,2020-10-26,24.0,91175.0
279,2020-10-27,47.0,91222.0
280,2020-10-28,49.0,91271.0
281,2020-10-29,28.0,91299.0
282,2020-10-30,40.0,91339.0
283,2020-10-31,27.0,91366.0
284,2020-11-01,31.0,91397.0
285,2020-11-02,55.0,91452.0
286,2020-11-03,26.0,91478.0
287,2020-11-04,31.0,91509.0
288,2020-11-05,43.0,91552.0
289,2020-11-06,39.0,91591.0
290,2020-11-07,31.0,91622.0
291,2020-11-08,43.0,91665.0
292,2020-11-09,28.0,91693.0
293,2020-11-10,26.0,91719.0
294,2020-11-11,33.0,91752.0
295,2020-11-12,31.0,91783.0
296,2020-11-13,24.0,91807.0
297,2020-11-14,21.0,91828.0
298,2020-11-15,22.0,91850.0
299,2020-11-16,22.0,91872.0
300,2020-11-17,13.0,91885.0
301,2020-11-18,21.0,91906.0
302,2020-11-19,29.0,91935.0
303,2020-11-20,42.0,91977.0
304,2020-11-21,60.0,92037.0
305,2020-11-22,79.0,92116.0
306,2020-11-23,95.0,92211.0
307,2020-11-24,85.0,92296.0
308,2020-11-25,106.0,92402.0
309,2020-11-26,86.0,92488.0
310,2020-11-27,98.0,92586.0
311,2020-11-28,95.0,92681.0
312,2020-11-29,133.0,92814.0
313,2020-11-30,88.0,92902.0
314,2020-12-01,91.0,92993.0
315,2020-12-02,120.0,93113.0
316,2020-12-03,108.0,93221.0
317,2020-12-04,127.0,93348.0
318,2020-12-05,119.0,93467.0
319,2020-12-06,110.0,93577.0
320,2020-12-07,93.0,93670.0
321,2020-12-08,112.0,93782.0
322,2020-12-09,116.0,93898.0
323,2020-12-10,127.0,94025.0
324,2020-12-11,99.0,94124.0
325,2020-12-12,93.0,94217.0
326,2020-12-13,111.0,94328.0
327,2020-12-14,99.0,94427.0
328,2020-12-15,110.0,94537.0
329,2020-12-16,89.0,94626.0
330,2020-12-17,108.0,94734.0
331,2020-12-18,87.0,94821.0
332,2020-12-19,132.0,94953.0
333,2020-12-20,97.0,95050.0
334,2020-12-21,100.0,95150.0
335,2020-12-22,78.0,95228.0
336,2020-12-23,70.0,95298.0
337,2020-12-24,85.0,95383.0
338,2020-12-25,77.0,95460.0
339,2020-12-26,81.0,95541.0
340,2020-12-27,91.0,95632.0
341,2020-12-28,88.0,95720.0
342,2020-12-29,77.0,95797.0
343,2020-12-30,79.0,95876.0
344,2020-12-31,87.0,95963.0
345,2021-01-01,60.0,96023.0
346,2021-01-02,63.0,96086.0
347,2021-01-03,74.0,96160.0
348,2021-01-04,86.0,96246.0
349,2021-01-05,64.0,96310.0
350,2021-01-06,88.0,96398.0
351,2021-01-07,86.0,96484.0
352,2021-01-08,78.0,96562.0
353,2021-01-09,128.0,96690.0
354,2021-01-10,134.0,96824.0
355,2021-01-11,96.0,96920.0
356,2021-01-12,175.0,97095.0
357,2021-01-13,180.0,97275.0
358,2021-01-14,173.0,97448.0
359,2021-01-15,168.0,97616.0
360,2021-01-16,159.0,97775.0
361,2021-01-17,164.0,97939.0
362,2021-01-18,225.0,98164.0
363,2021-01-19,159.0,98323.0
364,2021-01-20,221.0,98544.0
365,2021-01-21,242.0,98786.0
366,2021-01-22,100.0,98886.0
367,2021-01-23,161.0,99047.0
368,2021-01-24,200.0,99247.0
369,2021-01-25,155.0,99402.0
370,2021-01-26,139.0,99541.0
371,2021-01-27,114.0,99655.0
372,2021-01-28,91.0,99746.0
373,2021-01-29,102.0,99848.0
374,2021-01-30,120.0,99968.0
375,2021-01-31,95.0,100063.0
376,2021-02-01,64.0,100127.0
377,2021-02-02,50.0,100177.0
378,2021-02-03,49.0,100226.0
379,2021-02-04,42.0,100268.0
380,2021-02-05,50.0,100318.0
381,2021-02-06,30.0,100348.0
382,2021-02-07,41.0,100389.0
383,2021-02-08,46.0,100435.0
384,2021-02-09,40.0,100475.0
385,2021-02-10,19.0,100494.0
386,2021-02-11,33.0,100527.0
387,2021-02-12,32.0,100559.0
388,2021-02-13,19.0,100578.0
389,2021-02-14,21.0,100599.0
390,2021-02-15,25.0,100624.0
391,2021-02-16,15.0,100639.0
392,2021-02-17,27.0,100666.0
