,dates,cases,cumul
0,2020-01-22,0.0,0.0
1,2020-01-23,0.0,0.0
2,2020-01-24,0.0,0.0
3,2020-01-25,0.0,0.0
4,2020-01-26,0.0,0.0
5,2020-01-27,0.0,0.0
6,2020-01-28,0.0,0.0
7,2020-01-29,0.0,0.0
8,2020-01-30,0.0,0.0
9,2020-01-31,0.0,0.0
10,2020-02-01,0.0,0.0
11,2020-02-02,0.0,0.0
12,2020-02-03,0.0,0.0
13,2020-02-04,0.0,0.0
14,2020-02-05,0.0,0.0
15,2020-02-06,0.0,0.0
16,2020-02-07,0.0,0.0
17,2020-02-08,0.0,0.0
18,2020-02-09,0.0,0.0
19,2020-02-10,0.0,0.0
20,2020-02-11,0.0,0.0
21,2020-02-12,0.0,0.0
22,2020-02-13,0.0,0.0
23,2020-02-14,0.0,0.0
24,2020-02-15,0.0,0.0
25,2020-02-16,0.0,0.0
26,2020-02-17,0.0,0.0
27,2020-02-18,0.0,0.0
28,2020-02-19,0.0,0.0
29,2020-02-20,0.0,0.0
30,2020-02-21,0.0,0.0
31,2020-02-22,0.0,0.0
32,2020-02-23,0.0,0.0
33,2020-02-24,0.0,0.0
34,2020-02-25,0.0,0.0
35,2020-02-26,0.0,0.0
36,2020-02-27,0.0,0.0
37,2020-02-28,0.0,0.0
38,2020-02-29,0.0,0.0
39,2020-03-01,0.0,0.0
40,2020-03-02,0.0,0.0
41,2020-03-03,0.0,0.0
42,2020-03-04,0.0,0.0
43,2020-03-05,0.0,0.0
44,2020-03-06,0.0,0.0
45,2020-03-07,0.0,0.0
46,2020-03-08,0.0,0.0
47,2020-03-09,0.0,0.0
48,2020-03-10,0.0,0.0
49,2020-03-11,0.0,0.0
50,2020-03-12,0.0,0.0
51,2020-03-13,0.0,0.0
52,2020-03-14,0.0,0.0
53,2020-03-15,0.0,0.0
54,2020-03-16,0.0,0.0
55,2020-03-17,0.0,0.0
56,2020-03-18,0.0,0.0
57,2020-03-19,1.0,1.0
58,2020-03-20,0.0,1.0
59,2020-03-21,2.0,3.0
60,2020-03-22,0.0,3.0
61,2020-03-23,0.0,3.0
62,2020-03-24,2.0,5.0
63,2020-03-25,4.0,9.0
64,2020-03-26,4.0,13.0
65,2020-03-27,0.0,13.0
66,2020-03-28,6.0,19.0
67,2020-03-29,5.0,24.0
68,2020-03-30,6.0,30.0
69,2020-03-31,2.0,32.0
70,2020-04-01,0.0,32.0
71,2020-04-02,9.0,41.0
72,2020-04-03,5.0,46.0
73,2020-04-04,10.0,56.0
74,2020-04-05,6.0,62.0
75,2020-04-06,7.0,69.0
76,2020-04-07,9.0,78.0
77,2020-04-08,15.0,93.0
78,2020-04-09,10.0,103.0
79,2020-04-10,14.0,117.0
80,2020-04-11,1.0,118.0
81,2020-04-12,7.0,125.0
82,2020-04-13,12.0,137.0
83,2020-04-14,12.0,149.0
84,2020-04-15,10.0,159.0
85,2020-04-16,5.0,164.0
86,2020-04-17,13.0,177.0
87,2020-04-18,13.0,190.0
88,2020-04-19,11.0,201.0
89,2020-04-20,17.0,218.0
90,2020-04-21,7.0,225.0
91,2020-04-22,12.0,237.0
92,2020-04-23,13.0,250.0
93,2020-04-24,24.0,274.0
94,2020-04-25,0.0,274.0
95,2020-04-26,24.0,298.0
96,2020-04-27,25.0,323.0
97,2020-04-28,22.0,345.0
98,2020-04-29,32.0,377.0
99,2020-04-30,18.0,395.0
100,2020-05-01,29.0,424.0
101,2020-05-02,22.0,446.0
102,2020-05-03,44.0,490.0
103,2020-05-04,65.0,555.0
104,2020-05-05,32.0,587.0
105,2020-05-06,46.0,633.0
106,2020-05-07,62.0,695.0
107,2020-05-08,47.0,742.0
108,2020-05-09,42.0,784.0
109,2020-05-10,105.0,889.0
110,2020-05-11,69.0,958.0
111,2020-05-12,40.0,998.0
112,2020-05-13,39.0,1037.0
113,2020-05-14,75.0,1112.0
114,2020-05-15,98.0,1210.0
115,2020-05-16,55.0,1265.0
116,2020-05-17,73.0,1338.0
117,2020-05-18,75.0,1413.0
118,2020-05-19,85.0,1498.0
119,2020-05-20,73.0,1571.0
120,2020-05-21,69.0,1640.0
121,2020-05-22,85.0,1725.0
122,2020-05-23,94.0,1819.0
123,2020-05-24,96.0,1915.0
124,2020-05-25,68.0,1983.0
125,2020-05-26,59.0,2042.0
126,2020-05-27,67.0,2109.0
127,2020-05-28,85.0,2194.0
128,2020-05-29,84.0,2278.0
129,2020-05-30,117.0,2395.0
130,2020-05-31,122.0,2517.0
131,2020-06-01,65.0,2582.0
132,2020-06-02,71.0,2653.0
133,2020-06-03,52.0,2705.0
134,2020-06-04,76.0,2781.0
135,2020-06-05,68.0,2849.0
136,2020-06-06,85.0,2934.0
137,2020-06-07,81.0,3015.0
138,2020-06-08,89.0,3104.0
139,2020-06-09,87.0,3191.0
140,2020-06-10,83.0,3274.0
141,2020-06-11,99.0,3373.0
142,2020-06-12,108.0,3481.0
143,2020-06-13,122.0,3603.0
144,2020-06-14,117.0,3720.0
145,2020-06-15,106.0,3826.0
146,2020-06-16,115.0,3941.0
147,2020-06-17,125.0,4066.0
148,2020-06-18,134.0,4200.0
149,2020-06-19,129.0,4329.0
150,2020-06-20,146.0,4475.0
151,2020-06-21,151.0,4626.0
152,2020-06-22,182.0,4808.0
153,2020-06-23,165.0,4973.0
154,2020-06-24,177.0,5150.0
155,2020-06-25,186.0,5336.0
156,2020-06-26,181.0,5517.0
157,2020-06-27,210.0,5727.0
158,2020-06-28,207.0,5934.0
159,2020-06-29,239.0,6173.0
160,2020-06-30,265.0,6438.0
161,2020-07-01,298.0,6736.0
162,2020-07-02,264.0,7000.0
163,2020-07-03,267.0,7267.0
164,2020-07-04,240.0,7507.0
165,2020-07-05,270.0,7777.0
166,2020-07-06,250.0,8027.0
167,2020-07-07,280.0,8307.0
168,2020-07-08,259.0,8566.0
169,2020-07-09,278.0,8844.0
170,2020-07-10,298.0,9142.0
171,2020-07-11,249.0,9391.0
172,2020-07-12,283.0,9674.0
173,2020-07-13,304.0,9978.0
174,2020-07-14,325.0,10303.0
175,2020-07-15,342.0,10645.0
176,2020-07-16,312.0,10957.0
177,2020-07-17,250.0,11207.0
178,2020-07-18,301.0,11508.0
179,2020-07-19,338.0,11846.0
180,2020-07-20,361.0,12207.0
181,2020-07-21,375.0,12582.0
182,2020-07-22,393.0,12975.0
183,2020-07-23,402.0,13377.0
184,2020-07-24,415.0,13792.0
185,2020-07-25,429.0,14221.0
186,2020-07-26,409.0,14630.0
187,2020-07-27,405.0,15035.0
188,2020-07-28,411.0,15446.0
189,2020-07-29,395.0,15841.0
190,2020-07-30,389.0,16230.0
191,2020-07-31,402.0,16632.0
192,2020-08-01,418.0,17050.0
193,2020-08-02,398.0,17448.0
194,2020-08-03,395.0,17843.0
195,2020-08-04,419.0,18262.0
196,2020-08-05,439.0,18701.0
197,2020-08-06,425.0,19126.0
198,2020-08-07,418.0,19544.0
199,2020-08-08,434.0,19978.0
200,2020-08-09,445.0,20423.0
201,2020-08-10,449.0,20872.0
202,2020-08-11,397.0,21269.0
203,2020-08-12,375.0,21644.0
204,2020-08-13,349.0,21993.0
205,2020-08-14,321.0,22314.0
206,2020-08-15,305.0,22619.0
207,2020-08-16,293.0,22912.0
208,2020-08-17,281.0,23193.0
209,2020-08-18,269.0,23462.0
210,2020-08-19,255.0,23717.0
211,2020-08-20,247.0,23964.0
212,2020-08-21,236.0,24200.0
213,2020-08-22,220.0,24420.0
214,2020-08-23,202.0,24622.0
215,2020-08-24,189.0,24811.0
216,2020-08-25,175.0,24986.0
217,2020-08-26,154.0,25140.0
218,2020-08-27,144.0,25284.0
219,2020-08-28,131.0,25415.0
220,2020-08-29,122.0,25537.0
221,2020-08-30,98.0,25635.0
222,2020-08-31,94.0,25729.0
223,2020-09-01,91.0,25820.0
224,2020-09-02,84.0,25904.0
225,2020-09-03,96.0,26000.0
226,2020-09-04,99.0,26099.0
227,2020-09-05,107.0,26206.0
228,2020-09-06,102.0,26308.0
229,2020-09-07,105.0,26413.0
230,2020-09-08,98.0,26511.0
231,2020-09-09,91.0,26602.0
232,2020-09-10,86.0,26688.0
233,2020-09-11,85.0,26773.0
234,2020-09-12,78.0,26851.0
235,2020-09-13,77.0,26928.0
236,2020-09-14,81.0,27009.0
237,2020-09-15,79.0,27088.0
238,2020-09-16,75.0,27163.0
239,2020-09-17,86.0,27249.0
240,2020-09-18,97.0,27346.0
241,2020-09-19,82.0,27428.0
242,2020-09-20,125.0,27553.0
243,2020-09-21,245.0,27798.0
244,2020-09-22,156.0,27954.0
245,2020-09-23,0.0,27954.0
246,2020-09-24,247.0,28201.0
247,2020-09-25,214.0,28415.0
248,2020-09-26,0.0,28415.0
249,2020-09-27,215.0,28630.0
250,2020-09-28,179.0,28809.0
251,2020-09-29,172.0,28981.0
252,2020-09-30,96.0,29077.0
253,2020-10-01,98.0,29175.0
254,2020-10-02,0.0,29175.0
255,2020-10-03,183.0,29358.0
256,2020-10-04,92.0,29450.0
257,2020-10-05,89.0,29539.0
258,2020-10-06,95.0,29634.0
259,2020-10-07,103.0,29737.0
260,2020-10-08,105.0,29842.0
261,2020-10-09,109.0,29951.0
262,2020-10-10,0.0,29951.0
263,2020-10-11,245.0,30196.0
264,2020-10-12,0.0,30196.0
265,2020-10-13,284.0,30480.0
266,2020-10-14,286.0,30766.0
267,2020-10-15,295.0,31061.0
268,2020-10-16,204.0,31265.0
269,2020-10-17,191.0,31456.0
270,2020-10-18,210.0,31666.0
271,2020-10-19,0.0,31666.0
272,2020-10-20,309.0,31975.0
273,2020-10-21,145.0,32120.0
274,2020-10-22,142.0,32262.0
275,2020-10-23,159.0,32421.0
276,2020-10-24,164.0,32585.0
277,2020-10-25,0.0,32585.0
278,2020-10-26,340.0,32925.0
279,2020-10-27,0.0,32925.0
280,2020-10-28,0.0,32925.0
281,2020-10-29,520.0,33445.0
282,2020-10-30,0.0,33445.0
283,2020-10-31,0.0,33445.0
284,2020-11-01,570.0,34015.0
285,2020-11-02,0.0,34015.0
286,2020-11-03,0.0,34015.0
287,2020-11-04,0.0,34015.0
288,2020-11-05,767.0,34782.0
289,2020-11-06,184.0,34966.0
290,2020-11-07,179.0,35145.0
291,2020-11-08,0.0,35145.0
292,2020-11-09,0.0,35145.0
293,2020-11-10,0.0,35145.0
294,2020-11-11,0.0,35145.0
295,2020-11-12,885.0,36030.0
296,2020-11-13,165.0,36195.0
297,2020-11-14,163.0,36358.0
298,2020-11-15,0.0,36358.0
299,2020-11-16,311.0,36669.0
300,2020-11-17,0.0,36669.0
301,2020-11-18,296.0,36965.0
302,2020-11-19,144.0,37109.0
303,2020-11-20,141.0,37250.0
304,2020-11-21,0.0,37250.0
305,2020-11-22,312.0,37562.0
306,2020-11-23,0.0,37562.0
307,2020-11-24,322.0,37884.0
308,2020-11-25,0.0,37884.0
309,2020-11-26,0.0,37884.0
310,2020-11-27,521.0,38405.0
311,2020-11-28,0.0,38405.0
312,2020-11-29,0.0,38405.0
313,2020-11-30,0.0,38405.0
314,2020-12-01,725.0,39130.0
315,2020-12-02,0.0,39130.0
316,2020-12-03,0.0,39130.0
317,2020-12-04,588.0,39718.0
318,2020-12-05,0.0,39718.0
319,2020-12-06,413.0,40131.0
320,2020-12-07,214.0,40345.0
321,2020-12-08,206.0,40551.0
322,2020-12-09,190.0,40741.0
323,2020-12-10,0.0,40741.0
324,2020-12-11,0.0,40741.0
325,2020-12-12,653.0,41394.0
326,2020-12-13,0.0,41394.0
327,2020-12-14,486.0,41880.0
328,2020-12-15,252.0,42132.0
329,2020-12-16,265.0,42397.0
330,2020-12-17,0.0,42397.0
331,2020-12-18,0.0,42397.0
332,2020-12-19,798.0,43195.0
333,2020-12-20,282.0,43477.0
334,2020-12-21,295.0,43772.0
335,2020-12-22,0.0,43772.0
336,2020-12-23,0.0,43772.0
337,2020-12-24,847.0,44619.0
338,2020-12-25,0.0,44619.0
339,2020-12-26,0.0,44619.0
340,2020-12-27,0.0,44619.0
341,2020-12-28,796.0,45415.0
342,2020-12-29,0.0,45415.0
343,2020-12-30,545.0,45960.0
344,2020-12-31,0.0,45960.0
345,2021-01-01,0.0,45960.0
346,2021-01-02,0.0,45960.0
347,2021-01-03,843.0,46803.0
348,2021-01-04,284.0,47087.0
349,2021-01-05,268.0,47355.0
350,2021-01-06,0.0,47355.0
351,2021-01-07,593.0,47948.0
352,2021-01-08,307.0,48255.0
353,2021-01-09,319.0,48574.0
354,2021-01-10,331.0,48905.0
355,2021-01-11,0.0,48905.0
356,2021-01-12,634.0,49539.0
357,2021-01-13,0.0,49539.0
358,2021-01-14,618.0,50157.0
359,2021-01-15,0.0,50157.0
360,2021-01-16,627.0,50784.0
361,2021-01-17,0.0,50784.0
362,2021-01-18,653.0,51437.0
363,2021-01-19,0.0,51437.0
364,2021-01-20,0.0,51437.0
365,2021-01-21,951.0,52388.0
366,2021-01-22,284.0,52672.0
367,2021-01-23,0.0,52672.0
368,2021-01-24,546.0,53218.0
369,2021-01-25,261.0,53479.0
370,2021-01-26,0.0,53479.0
371,2021-01-27,510.0,53989.0
372,2021-01-28,0.0,53989.0
373,2021-01-29,0.0,53989.0
374,2021-01-30,0.0,53989.0
375,2021-01-31,977.0,54966.0
376,2021-02-01,229.0,55195.0
377,2021-02-02,0.0,55195.0
378,2021-02-03,428.0,55623.0
379,2021-02-04,198.0,55821.0
380,2021-02-05,204.0,56025.0
381,2021-02-06,212.0,56237.0
382,2021-02-07,0.0,56237.0
383,2021-02-08,416.0,56653.0
384,2021-02-09,0.0,56653.0
385,2021-02-10,0.0,56653.0
386,2021-02-11,0.0,56653.0
387,2021-02-12,775.0,57428.0
388,2021-02-13,0.0,57428.0
389,2021-02-14,0.0,57428.0
390,2021-02-15,595.0,58023.0
391,2021-02-16,0.0,58023.0
392,2021-02-17,0.0,58023.0
