,dates,cases,cumul
0,2020-01-22,0.0,0.0
1,2020-01-23,0.0,0.0
2,2020-01-24,2.0,2.0
3,2020-01-25,1.0,3.0
4,2020-01-26,0.0,3.0
5,2020-01-27,0.0,3.0
6,2020-01-28,1.0,4.0
7,2020-01-29,1.0,5.0
8,2020-01-30,0.0,5.0
9,2020-01-31,0.0,5.0
10,2020-02-01,1.0,6.0
11,2020-02-02,0.0,6.0
12,2020-02-03,0.0,6.0
13,2020-02-04,0.0,6.0
14,2020-02-05,0.0,6.0
15,2020-02-06,0.0,6.0
16,2020-02-07,0.0,6.0
17,2020-02-08,5.0,11.0
18,2020-02-09,0.0,11.0
19,2020-02-10,0.0,11.0
20,2020-02-11,0.0,11.0
21,2020-02-12,0.0,11.0
22,2020-02-13,0.0,11.0
23,2020-02-14,0.0,11.0
24,2020-02-15,1.0,12.0
25,2020-02-16,0.0,12.0
26,2020-02-17,0.0,12.0
27,2020-02-18,0.0,12.0
28,2020-02-19,0.0,12.0
29,2020-02-20,0.0,12.0
30,2020-02-21,0.0,12.0
31,2020-02-22,0.0,12.0
32,2020-02-23,0.0,12.0
33,2020-02-24,0.0,12.0
34,2020-02-25,2.0,14.0
35,2020-02-26,4.0,18.0
36,2020-02-27,20.0,38.0
37,2020-02-28,19.0,57.0
38,2020-02-29,43.0,100.0
39,2020-03-01,30.0,130.0
40,2020-03-02,61.0,191.0
41,2020-03-03,21.0,212.0
42,2020-03-04,76.0,288.0
43,2020-03-05,138.0,426.0
44,2020-03-06,190.0,616.0
45,2020-03-07,332.0,948.0
46,2020-03-08,177.0,1125.0
47,2020-03-09,286.0,1411.0
48,2020-03-10,372.0,1783.0
49,2020-03-11,510.0,2293.0
50,2020-03-12,0.0,2293.0
51,2020-03-13,1388.0,3681.0
52,2020-03-14,815.0,4496.0
53,2020-03-15,36.0,4532.0
54,2020-03-16,2151.0,6683.0
55,2020-03-17,1032.0,7715.0
56,2020-03-18,1409.0,9124.0
57,2020-03-19,1846.0,10970.0
58,2020-03-20,1788.0,12758.0
59,2020-03-21,1705.0,14463.0
60,2020-03-22,2295.0,16758.0
61,2020-03-23,3365.0,20123.0
62,2020-03-24,2249.0,22372.0
63,2020-03-25,2962.0,25334.0
64,2020-03-26,3918.0,29252.0
65,2020-03-27,3795.0,33047.0
66,2020-03-28,4645.0,37692.0
67,2020-03-29,2603.0,40295.0
68,2020-03-30,4354.0,44649.0
69,2020-03-31,7629.0,52278.0
70,2020-04-01,4844.0,57122.0
71,2020-04-02,2106.0,59228.0
72,2020-04-03,5224.0,64452.0
73,2020-04-04,-17074.0,47378.0
74,2020-04-05,855.0,48233.0
75,2020-04-06,2654.0,50887.0
76,2020-04-07,-3491.0,47396.0
77,2020-04-08,3855.0,51251.0
78,2020-04-09,3784.0,55035.0
79,2020-04-10,1565.0,56600.0
80,2020-04-11,1445.0,58045.0
81,2020-04-12,50746.0,108791.0
82,2020-04-13,3141.0,111932.0
83,2020-04-14,17448.0,129380.0
84,2020-04-15,3208.0,132588.0
85,2020-04-16,12578.0,145166.0
86,2020-04-17,1891.0,147057.0
87,2020-04-18,3806.0,150863.0
88,2020-04-19,1092.0,151955.0
89,2020-04-20,2447.0,154402.0
90,2020-04-21,2666.0,157068.0
91,2020-04-22,1800.0,158868.0
92,2020-04-23,-1710.0,157158.0
93,2020-04-24,2811.0,159969.0
94,2020-04-25,1678.0,161647.0
95,2020-04-26,633.0,162280.0
96,2020-04-27,3686.0,165966.0
97,2020-04-28,3132.0,169098.0
98,2020-04-29,-1455.0,167643.0
99,2020-04-30,1218.0,168861.0
100,2020-05-01,526.0,169387.0
101,2020-05-02,792.0,170179.0
102,2020-05-03,361.0,170540.0
103,2020-05-04,562.0,171102.0
104,2020-05-05,1117.0,172219.0
105,2020-05-06,4136.0,176355.0
106,2020-05-07,741.0,177096.0
107,2020-05-08,531.0,177627.0
108,2020-05-09,529.0,178156.0
109,2020-05-10,249.0,178405.0
110,2020-05-11,314.0,178719.0
111,2020-05-12,753.0,179472.0
112,2020-05-13,521.0,179993.0
113,2020-05-14,642.0,180635.0
114,2020-05-15,513.0,181148.0
115,2020-05-16,415.0,181563.0
116,2020-05-17,140.0,181703.0
117,2020-05-18,444.0,182147.0
118,2020-05-19,501.0,182648.0
119,2020-05-20,482.0,183130.0
120,2020-05-21,267.0,183397.0
121,2020-05-22,756.0,184153.0
122,2020-05-23,546.0,184699.0
123,2020-05-24,-439.0,184260.0
124,2020-05-25,325.0,184585.0
125,2020-05-26,255.0,184840.0
126,2020-05-27,172.0,185012.0
127,2020-05-28,3343.0,188355.0
128,2020-05-29,594.0,188949.0
129,2020-05-30,1795.0,190744.0
130,2020-05-31,231.0,190975.0
131,2020-06-01,407.0,191382.0
132,2020-06-02,-647.0,190735.0
133,2020-06-03,-3226.0,187509.0
134,2020-06-04,4360.0,191869.0
135,2020-06-05,581.0,192450.0
136,2020-06-06,572.0,193022.0
137,2020-06-07,341.0,193363.0
138,2020-06-08,274.0,193637.0
139,2020-06-09,553.0,194190.0
140,2020-06-10,625.0,194815.0
141,2020-06-11,364.0,195179.0
142,2020-06-12,802.0,195981.0
143,2020-06-13,497.0,196478.0
144,2020-06-14,390.0,196868.0
145,2020-06-15,136.0,197004.0
146,2020-06-16,663.0,197667.0
147,2020-06-17,488.0,198155.0
148,2020-06-18,586.0,198741.0
149,2020-06-19,787.0,199528.0
150,2020-06-20,619.0,200147.0
151,2020-06-21,343.0,200490.0
152,2020-06-22,142.0,200632.0
153,2020-06-23,698.0,201330.0
154,2020-06-24,268.0,201598.0
155,2020-06-25,255.0,201853.0
156,2020-06-26,1263.0,203116.0
157,2020-06-27,448.0,203564.0
158,2020-06-28,-406.0,203158.0
159,2020-06-29,645.0,203803.0
160,2020-06-30,441.0,204244.0
161,2020-07-01,990.0,205234.0
162,2020-07-02,539.0,205773.0
163,2020-07-03,539.0,206312.0
164,2020-07-04,358.0,206670.0
165,2020-07-05,11.0,206681.0
166,2020-07-06,1018.0,207699.0
167,2020-07-07,454.0,208153.0
168,2020-07-08,822.0,208975.0
169,2020-07-09,444.0,209419.0
170,2020-07-10,715.0,210134.0
171,2020-07-11,251.0,210385.0
172,2020-07-12,16.0,210401.0
173,2020-07-13,1423.0,211824.0
174,2020-07-14,62.0,211886.0
175,2020-07-15,727.0,212613.0
176,2020-07-16,569.0,213182.0
177,2020-07-17,829.0,214011.0
178,2020-07-18,163.0,214174.0
179,2020-07-19,4.0,214178.0
180,2020-07-20,1911.0,216089.0
181,2020-07-21,595.0,216684.0
182,2020-07-22,921.0,217605.0
183,2020-07-23,1236.0,218841.0
184,2020-07-24,1091.0,219932.0
185,2020-07-25,88.0,220020.0
186,2020-07-26,0.0,220020.0
187,2020-07-27,2488.0,222508.0
188,2020-07-28,564.0,223072.0
189,2020-07-29,1470.0,224542.0
190,2020-07-30,1389.0,225931.0
191,2020-07-31,1308.0,227239.0
192,2020-08-01,63.0,227302.0
193,2020-08-02,3.0,227305.0
194,2020-08-03,3360.0,230665.0
195,2020-08-04,971.0,231636.0
196,2020-08-05,1708.0,233344.0
197,2020-08-06,1601.0,234945.0
198,2020-08-07,2387.0,237332.0
199,2020-08-08,70.0,237402.0
200,2020-08-09,35.0,237437.0
201,2020-08-10,4731.0,242168.0
202,2020-08-11,1414.0,243582.0
203,2020-08-12,2598.0,246180.0
204,2020-08-13,2678.0,248858.0
205,2020-08-14,2923.0,251781.0
206,2020-08-15,3210.0,254991.0
207,2020-08-16,3003.0,257994.0
208,2020-08-17,650.0,258644.0
209,2020-08-18,2119.0,260763.0
210,2020-08-19,3772.0,264535.0
211,2020-08-20,4800.0,269335.0
212,2020-08-21,5009.0,274344.0
213,2020-08-22,3474.0,277818.0
214,2020-08-23,4680.0,282498.0
215,2020-08-24,1976.0,284474.0
216,2020-08-25,3616.0,288090.0
217,2020-08-26,287.0,288377.0
218,2020-08-27,11203.0,299580.0
219,2020-08-28,7641.0,307221.0
220,2020-08-29,5460.0,312681.0
221,2020-08-30,5366.0,318047.0
222,2020-08-31,3113.0,321160.0
223,2020-09-01,5104.0,326264.0
224,2020-09-02,7113.0,333377.0
225,2020-09-03,7122.0,340499.0
226,2020-09-04,8834.0,349333.0
227,2020-09-05,8594.0,357927.0
228,2020-09-06,7016.0,364943.0
229,2020-09-07,4266.0,369209.0
230,2020-09-08,6738.0,375947.0
231,2020-09-09,8619.0,384566.0
232,2020-09-10,9762.0,394328.0
233,2020-09-11,9509.0,403837.0
234,2020-09-12,11337.0,415174.0
235,2020-09-13,6345.0,421519.0
236,2020-09-14,6396.0,427915.0
237,2020-09-15,7826.0,435741.0
238,2020-09-16,10191.0,445932.0
239,2020-09-17,10239.0,456171.0
240,2020-09-18,13233.0,469404.0
241,2020-09-19,13560.0,482964.0
242,2020-09-20,10536.0,493500.0
243,2020-09-21,5539.0,499039.0
244,2020-09-22,10084.0,509123.0
245,2020-09-23,13291.0,522414.0
246,2020-09-24,15850.0,538264.0
247,2020-09-25,16104.0,554368.0
248,2020-09-26,14220.0,568588.0
249,2020-09-27,10635.0,579223.0
250,2020-09-28,4299.0,583522.0
251,2020-09-29,8005.0,591527.0
252,2020-09-30,14366.0,605893.0
253,2020-10-01,13051.0,618944.0
254,2020-10-02,12436.0,631380.0
255,2020-10-03,16488.0,647868.0
256,2020-10-04,12504.0,660372.0
257,2020-10-05,5639.0,666011.0
258,2020-10-06,11310.0,677321.0
259,2020-10-07,18953.0,696274.0
260,2020-10-08,17402.0,713676.0
261,2020-10-09,21088.0,734764.0
262,2020-10-10,26677.0,761441.0
263,2020-10-11,15937.0,777378.0
264,2020-10-12,9212.0,786590.0
265,2020-10-13,13626.0,800216.0
266,2020-10-14,23002.0,823218.0
267,2020-10-15,29757.0,852975.0
268,2020-10-16,25632.0,878607.0
269,2020-10-17,32104.0,910711.0
270,2020-10-18,29837.0,940548.0
271,2020-10-19,14289.0,954837.0
272,2020-10-20,20376.0,975213.0
273,2020-10-21,27422.0,1002635.0
274,2020-10-22,40813.0,1043448.0
275,2020-10-23,42837.0,1086285.0
276,2020-10-24,45265.0,1131550.0
277,2020-10-25,6616.0,1138166.0
278,2020-10-26,73010.0,1211176.0
279,2020-10-27,34482.0,1245658.0
280,2020-10-28,37550.0,1283208.0
281,2020-10-29,46612.0,1329820.0
282,2020-10-30,49474.0,1379294.0
283,2020-10-31,35070.0,1414364.0
284,2020-11-01,46179.0,1460543.0
285,2020-11-02,106091.0,1566634.0
286,2020-11-03,72601.0,1639235.0
287,2020-11-04,-46076.0,1593159.0
288,2020-11-05,57806.0,1650965.0
289,2020-11-06,60952.0,1711917.0
290,2020-11-07,86655.0,1798572.0
291,2020-11-08,38562.0,1837134.0
292,2020-11-09,21424.0,1858558.0
293,2020-11-10,22613.0,1881171.0
294,2020-11-11,36406.0,1917577.0
295,2020-11-12,32628.0,1950205.0
296,2020-11-13,24065.0,1974270.0
297,2020-11-14,31957.0,2006227.0
298,2020-11-15,27192.0,2033419.0
299,2020-11-16,10050.0,2043469.0
300,2020-11-17,45602.0,2089071.0
301,2020-11-18,28897.0,2117968.0
302,2020-11-19,20736.0,2138704.0
303,2020-11-20,23264.0,2161968.0
304,2020-11-21,17670.0,2179638.0
305,2020-11-22,13130.0,2192768.0
306,2020-11-23,5062.0,2197830.0
307,2020-11-24,9921.0,2207751.0
308,2020-11-25,16754.0,2224505.0
309,2020-11-26,13001.0,2237506.0
310,2020-11-27,12774.0,2250280.0
311,2020-11-28,12477.0,2262757.0
312,2020-11-29,9763.0,2272520.0
313,2020-11-30,4354.0,2276874.0
314,2020-12-01,8364.0,2285238.0
315,2020-12-02,14228.0,2299466.0
316,2020-12-03,12787.0,2312253.0
317,2020-12-04,11511.0,2323764.0
318,2020-12-05,12882.0,2336646.0
319,2020-12-06,10949.0,2347595.0
320,2020-12-07,3411.0,2351006.0
321,2020-12-08,14037.0,2365043.0
322,2020-12-09,14675.0,2379718.0
323,2020-12-10,13872.0,2393590.0
324,2020-12-11,13489.0,2407079.0
325,2020-12-12,0.0,2407079.0
326,2020-12-13,25480.0,2432559.0
327,2020-12-14,3192.0,2435751.0
328,2020-12-15,11655.0,2447406.0
329,2020-12-16,17720.0,2465126.0
330,2020-12-17,18398.0,2483524.0
331,2020-12-18,16005.0,2499529.0
332,2020-12-19,17428.0,2516957.0
333,2020-12-20,12799.0,2529756.0
334,2020-12-21,5960.0,2535716.0
335,2020-12-22,11861.0,2547577.0
336,2020-12-23,15038.0,2562615.0
337,2020-12-24,21718.0,2584333.0
338,2020-12-25,20262.0,2604595.0
339,2020-12-26,3093.0,2607688.0
340,2020-12-27,8822.0,2616510.0
341,2020-12-28,3106.0,2619616.0
342,2020-12-29,11494.0,2631110.0
343,2020-12-30,26514.0,2657624.0
344,2020-12-31,20042.0,2677666.0
345,2021-01-01,19348.0,2697014.0
346,2021-01-02,3466.0,2700480.0
347,2021-01-03,12495.0,2712975.0
348,2021-01-04,4084.0,2717059.0
349,2021-01-05,20825.0,2737884.0
350,2021-01-06,25232.0,2763116.0
351,2021-01-07,254.0,2763370.0
352,2021-01-08,41373.0,2804743.0
353,2021-01-09,20177.0,2824920.0
354,2021-01-10,15944.0,2840864.0
355,2021-01-11,3816.0,2844680.0
356,2021-01-12,19680.0,2864360.0
357,2021-01-13,23932.0,2888292.0
358,2021-01-14,21431.0,2909723.0
359,2021-01-15,21673.0,2931396.0
360,2021-01-16,290.0,2931686.0
361,2021-01-17,37405.0,2969091.0
362,2021-01-18,3798.0,2972889.0
363,2021-01-19,23895.0,2996784.0
364,2021-01-20,26877.0,3023661.0
365,2021-01-21,22710.0,3046371.0
366,2021-01-22,23324.0,3069695.0
367,2021-01-23,23924.0,3093619.0
368,2021-01-24,18436.0,3112055.0
369,2021-01-25,4300.0,3116355.0
370,2021-01-26,22143.0,3138498.0
371,2021-01-27,26951.0,3165449.0
372,2021-01-28,696.0,3166145.0
373,2021-01-29,46495.0,3212640.0
374,2021-01-30,24045.0,3236685.0
375,2021-01-31,19235.0,3255920.0
376,2021-02-01,4388.0,3260308.0
377,2021-02-02,23337.0,3283645.0
378,2021-02-03,26406.0,3310051.0
379,2021-02-04,20.0,3310071.0
380,2021-02-05,45607.0,3355678.0
381,2021-02-06,20588.0,3376266.0
382,2021-02-07,19715.0,3395981.0
383,2021-02-08,4343.0,3400324.0
384,2021-02-09,18886.0,3419210.0
385,2021-02-10,25678.0,3444888.0
386,2021-02-11,21076.0,3465964.0
387,2021-02-12,665.0,3466629.0
388,2021-02-13,422.0,3467051.0
389,2021-02-14,833.0,3467884.0
390,2021-02-15,60972.0,3528856.0
391,2021-02-16,19596.0,3548452.0
392,2021-02-17,25186.0,3573638.0
