,dates,cases,cumul
0,2020-01-22,0.0,0.0
1,2020-01-23,0.0,0.0
2,2020-01-24,0.0,0.0
3,2020-01-25,0.0,0.0
4,2020-01-26,0.0,0.0
5,2020-01-27,0.0,0.0
6,2020-01-28,0.0,0.0
7,2020-01-29,0.0,0.0
8,2020-01-30,0.0,0.0
9,2020-01-31,0.0,0.0
10,2020-02-01,0.0,0.0
11,2020-02-02,0.0,0.0
12,2020-02-03,0.0,0.0
13,2020-02-04,0.0,0.0
14,2020-02-05,0.0,0.0
15,2020-02-06,0.0,0.0
16,2020-02-07,0.0,0.0
17,2020-02-08,0.0,0.0
18,2020-02-09,0.0,0.0
19,2020-02-10,0.0,0.0
20,2020-02-11,0.0,0.0
21,2020-02-12,0.0,0.0
22,2020-02-13,0.0,0.0
23,2020-02-14,0.0,0.0
24,2020-02-15,0.0,0.0
25,2020-02-16,0.0,0.0
26,2020-02-17,0.0,0.0
27,2020-02-18,0.0,0.0
28,2020-02-19,0.0,0.0
29,2020-02-20,0.0,0.0
30,2020-02-21,0.0,0.0
31,2020-02-22,0.0,0.0
32,2020-02-23,0.0,0.0
33,2020-02-24,0.0,0.0
34,2020-02-25,0.0,0.0
35,2020-02-26,1.0,1.0
36,2020-02-27,2.0,3.0
37,2020-02-28,1.0,4.0
38,2020-02-29,0.0,4.0
39,2020-03-01,3.0,7.0
40,2020-03-02,0.0,7.0
41,2020-03-03,0.0,7.0
42,2020-03-04,2.0,9.0
43,2020-03-05,22.0,31.0
44,2020-03-06,14.0,45.0
45,2020-03-07,1.0,46.0
46,2020-03-08,27.0,73.0
47,2020-03-09,0.0,73.0
48,2020-03-10,16.0,89.0
49,2020-03-11,10.0,99.0
50,2020-03-12,0.0,99.0
51,2020-03-13,91.0,190.0
52,2020-03-14,38.0,228.0
53,2020-03-15,103.0,331.0
54,2020-03-16,0.0,331.0
55,2020-03-17,56.0,387.0
56,2020-03-18,31.0,418.0
57,2020-03-19,0.0,418.0
58,2020-03-20,77.0,495.0
59,2020-03-21,35.0,530.0
60,2020-03-22,94.0,624.0
61,2020-03-23,71.0,695.0
62,2020-03-24,48.0,743.0
63,2020-03-25,78.0,821.0
64,2020-03-26,71.0,892.0
65,2020-03-27,74.0,966.0
66,2020-03-28,95.0,1061.0
67,2020-03-29,95.0,1156.0
68,2020-03-30,56.0,1212.0
69,2020-03-31,102.0,1314.0
70,2020-04-01,101.0,1415.0
71,2020-04-02,129.0,1544.0
72,2020-04-03,69.0,1613.0
73,2020-04-04,60.0,1673.0
74,2020-04-05,62.0,1735.0
75,2020-04-06,20.0,1755.0
76,2020-04-07,77.0,1832.0
77,2020-04-08,52.0,1884.0
78,2020-04-09,71.0,1955.0
79,2020-04-10,56.0,2011.0
80,2020-04-11,70.0,2081.0
81,2020-04-12,33.0,2114.0
82,2020-04-13,31.0,2145.0
83,2020-04-14,25.0,2170.0
84,2020-04-15,22.0,2192.0
85,2020-04-16,15.0,2207.0
86,2020-04-17,17.0,2224.0
87,2020-04-18,11.0,2235.0
88,2020-04-19,0.0,2235.0
89,2020-04-20,10.0,2245.0
90,2020-04-21,156.0,2401.0
91,2020-04-22,7.0,2408.0
92,2020-04-23,55.0,2463.0
93,2020-04-24,27.0,2490.0
94,2020-04-25,16.0,2506.0
95,2020-04-26,11.0,2517.0
96,2020-04-27,17.0,2534.0
97,2020-04-28,32.0,2566.0
98,2020-04-29,10.0,2576.0
99,2020-04-30,15.0,2591.0
100,2020-05-01,21.0,2612.0
101,2020-05-02,8.0,2620.0
102,2020-05-03,6.0,2626.0
103,2020-05-04,6.0,2632.0
104,2020-05-05,10.0,2642.0
105,2020-05-06,21.0,2663.0
106,2020-05-07,15.0,2678.0
107,2020-05-08,13.0,2691.0
108,2020-05-09,19.0,2710.0
109,2020-05-10,6.0,2716.0
110,2020-05-11,10.0,2726.0
111,2020-05-12,18.0,2744.0
112,2020-05-13,16.0,2760.0
113,2020-05-14,10.0,2770.0
114,2020-05-15,40.0,2810.0
115,2020-05-16,9.0,2819.0
116,2020-05-17,15.0,2834.0
117,2020-05-18,2.0,2836.0
118,2020-05-19,4.0,2840.0
119,2020-05-20,10.0,2850.0
120,2020-05-21,3.0,2853.0
121,2020-05-22,21.0,2874.0
122,2020-05-23,2.0,2876.0
123,2020-05-24,2.0,2878.0
124,2020-05-25,4.0,2882.0
125,2020-05-26,10.0,2892.0
126,2020-05-27,11.0,2903.0
127,2020-05-28,3.0,2906.0
128,2020-05-29,3.0,2909.0
129,2020-05-30,6.0,2915.0
130,2020-05-31,2.0,2917.0
131,2020-06-01,1.0,2918.0
132,2020-06-02,19.0,2937.0
133,2020-06-03,0.0,2937.0
134,2020-06-04,15.0,2952.0
135,2020-06-05,15.0,2967.0
136,2020-06-06,13.0,2980.0
137,2020-06-07,17.0,2997.0
138,2020-06-08,52.0,3049.0
139,2020-06-09,9.0,3058.0
140,2020-06-10,10.0,3068.0
141,2020-06-11,20.0,3088.0
142,2020-06-12,20.0,3108.0
143,2020-06-13,4.0,3112.0
144,2020-06-14,9.0,3121.0
145,2020-06-15,13.0,3134.0
146,2020-06-16,14.0,3148.0
147,2020-06-17,55.0,3203.0
148,2020-06-18,24.0,3227.0
149,2020-06-19,10.0,3237.0
150,2020-06-20,19.0,3256.0
151,2020-06-21,10.0,3266.0
152,2020-06-22,21.0,3287.0
153,2020-06-23,15.0,3302.0
154,2020-06-24,8.0,3310.0
155,2020-06-25,11.0,3321.0
156,2020-06-26,22.0,3343.0
157,2020-06-27,23.0,3366.0
158,2020-06-28,10.0,3376.0
159,2020-06-29,14.0,3390.0
160,2020-06-30,19.0,3409.0
161,2020-07-01,23.0,3432.0
162,2020-07-02,26.0,3458.0
163,2020-07-03,28.0,3486.0
164,2020-07-04,25.0,3511.0
165,2020-07-05,8.0,3519.0
166,2020-07-06,43.0,3562.0
167,2020-07-07,27.0,3589.0
168,2020-07-08,33.0,3622.0
169,2020-07-09,50.0,3672.0
170,2020-07-10,60.0,3732.0
171,2020-07-11,40.0,3772.0
172,2020-07-12,31.0,3803.0
173,2020-07-13,23.0,3826.0
174,2020-07-14,57.0,3883.0
175,2020-07-15,27.0,3910.0
176,2020-07-16,29.0,3939.0
177,2020-07-17,25.0,3964.0
178,2020-07-18,19.0,3983.0
179,2020-07-19,24.0,4007.0
180,2020-07-20,5.0,4012.0
181,2020-07-21,36.0,4048.0
182,2020-07-22,29.0,4077.0
183,2020-07-23,33.0,4110.0
184,2020-07-24,25.0,4135.0
185,2020-07-25,31.0,4166.0
186,2020-07-26,27.0,4193.0
187,2020-07-27,34.0,4227.0
188,2020-07-28,52.0,4279.0
189,2020-07-29,57.0,4336.0
190,2020-07-30,65.0,4401.0
191,2020-07-31,76.0,4477.0
192,2020-08-01,110.0,4587.0
193,2020-08-02,75.0,4662.0
194,2020-08-03,75.0,4737.0
195,2020-08-04,118.0,4855.0
196,2020-08-05,119.0,4974.0
197,2020-08-06,149.0,5123.0
198,2020-08-07,147.0,5270.0
199,2020-08-08,151.0,5421.0
200,2020-08-09,202.0,5623.0
201,2020-08-10,126.0,5749.0
202,2020-08-11,193.0,5942.0
203,2020-08-12,235.0,6177.0
204,2020-08-13,204.0,6381.0
205,2020-08-14,251.0,6632.0
206,2020-08-15,226.0,6858.0
207,2020-08-16,217.0,7075.0
208,2020-08-17,147.0,7222.0
209,2020-08-18,250.0,7472.0
210,2020-08-19,212.0,7684.0
211,2020-08-20,250.0,7934.0
212,2020-08-21,204.0,8138.0
213,2020-08-22,243.0,8381.0
214,2020-08-23,283.0,8664.0
215,2020-08-24,155.0,8819.0
216,2020-08-25,168.0,8987.0
217,2020-08-26,293.0,9280.0
218,2020-08-27,251.0,9531.0
219,2020-08-28,269.0,9800.0
220,2020-08-29,177.0,9977.0
221,2020-08-30,157.0,10134.0
222,2020-08-31,183.0,10317.0
223,2020-09-01,207.0,10524.0
224,2020-09-02,233.0,10757.0
225,2020-09-03,241.0,10998.0
226,2020-09-04,202.0,11200.0
227,2020-09-05,186.0,11386.0
228,2020-09-06,138.0,11524.0
229,2020-09-07,139.0,11663.0
230,2020-09-08,169.0,11832.0
231,2020-09-09,248.0,12080.0
232,2020-09-10,372.0,12452.0
233,2020-09-11,282.0,12734.0
234,2020-09-12,302.0,13036.0
235,2020-09-13,204.0,13240.0
236,2020-09-14,180.0,13420.0
237,2020-09-15,310.0,13730.0
238,2020-09-16,311.0,14041.0
239,2020-09-17,359.0,14400.0
240,2020-09-18,338.0,14738.0
241,2020-09-19,240.0,14978.0
242,2020-09-20,164.0,15142.0
243,2020-09-21,453.0,15595.0
244,2020-09-22,333.0,15928.0
245,2020-09-23,358.0,16286.0
246,2020-09-24,341.0,16627.0
247,2020-09-25,286.0,16913.0
248,2020-09-26,315.0,17228.0
249,2020-09-27,216.0,17444.0
250,2020-09-28,263.0,17707.0
251,2020-09-29,416.0,18123.0
252,2020-09-30,352.0,18475.0
253,2020-10-01,411.0,18886.0
254,2020-10-02,460.0,19346.0
255,2020-10-03,267.0,19613.0
256,2020-10-04,229.0,19842.0
257,2020-10-05,300.0,20142.0
258,2020-10-06,399.0,20541.0
259,2020-10-07,406.0,20947.0
260,2020-10-08,434.0,21381.0
261,2020-10-09,391.0,21772.0
262,2020-10-10,306.0,22078.0
263,2020-10-11,280.0,22358.0
264,2020-10-12,294.0,22652.0
265,2020-10-13,408.0,23060.0
266,2020-10-14,435.0,23495.0
267,2020-10-15,452.0,23947.0
268,2020-10-16,503.0,24450.0
269,2020-10-17,482.0,24932.0
270,2020-10-18,438.0,25370.0
271,2020-10-19,432.0,25802.0
272,2020-10-20,667.0,26469.0
273,2020-10-21,865.0,27334.0
274,2020-10-22,882.0,28216.0
275,2020-10-23,841.0,29057.0
276,2020-10-24,935.0,29992.0
277,2020-10-25,790.0,30782.0
278,2020-10-26,714.0,31496.0
279,2020-10-27,1256.0,32752.0
280,2020-10-28,1547.0,34299.0
281,2020-10-29,1211.0,35510.0
282,2020-10-30,1686.0,37196.0
283,2020-10-31,2055.0,39251.0
284,2020-11-01,1678.0,40929.0
285,2020-11-02,1151.0,42080.0
286,2020-11-03,2166.0,44246.0
287,2020-11-04,2646.0,46892.0
288,2020-11-05,2915.0,49807.0
289,2020-11-06,2447.0,52254.0
290,2020-11-07,2555.0,54809.0
291,2020-11-08,1889.0,56698.0
292,2020-11-09,1489.0,58187.0
293,2020-11-10,2383.0,60570.0
294,2020-11-11,2751.0,63321.0
295,2020-11-12,3316.0,66637.0
296,2020-11-13,3038.0,69675.0
297,2020-11-14,2835.0,72510.0
298,2020-11-15,1695.0,74205.0
299,2020-11-16,2198.0,76403.0
300,2020-11-17,2422.0,78825.0
301,2020-11-18,3209.0,82034.0
302,2020-11-19,3227.0,85261.0
303,2020-11-20,2551.0,87812.0
304,2020-11-21,2309.0,90121.0
305,2020-11-22,1498.0,91619.0
306,2020-11-23,1387.0,93006.0
307,2020-11-24,2131.0,95137.0
308,2020-11-25,2151.0,97288.0
309,2020-11-26,2018.0,99306.0
310,2020-11-27,1981.0,101287.0
311,2020-11-28,1747.0,103034.0
312,2020-11-29,1193.0,104227.0
313,2020-11-30,1044.0,105271.0
314,2020-12-01,2199.0,107470.0
315,2020-12-02,2185.0,109655.0
316,2020-12-03,1882.0,111537.0
317,2020-12-04,1648.0,113185.0
318,2020-12-05,1383.0,114568.0
319,2020-12-06,903.0,115471.0
320,2020-12-07,1250.0,116721.0
321,2020-12-08,1324.0,118045.0
322,2020-12-09,1675.0,119720.0
323,2020-12-10,1533.0,121253.0
324,2020-12-11,1395.0,122648.0
325,2020-12-12,1194.0,123842.0
326,2020-12-13,692.0,124534.0
327,2020-12-14,639.0,125173.0
328,2020-12-15,1199.0,126372.0
329,2020-12-16,1185.0,127557.0
330,2020-12-17,1153.0,128710.0
331,2020-12-18,874.0,129584.0
332,2020-12-19,901.0,130485.0
333,2020-12-20,587.0,131072.0
334,2020-12-21,525.0,131597.0
335,2020-12-22,833.0,132430.0
336,2020-12-23,935.0,133365.0
337,2020-12-24,870.0,134235.0
338,2020-12-25,617.0,134852.0
339,2020-12-26,262.0,135114.0
340,2020-12-27,342.0,135456.0
341,2020-12-28,475.0,135931.0
342,2020-12-29,1045.0,136976.0
343,2020-12-30,942.0,137918.0
344,2020-12-31,932.0,138850.0
345,2021-01-01,597.0,139447.0
346,2021-01-02,262.0,139709.0
347,2021-01-03,390.0,140099.0
348,2021-01-04,427.0,140526.0
349,2021-01-05,927.0,141453.0
350,2021-01-06,814.0,142267.0
351,2021-01-07,510.0,142777.0
352,2021-01-08,717.0,143494.0
353,2021-01-09,799.0,144293.0
354,2021-01-10,445.0,144738.0
355,2021-01-11,441.0,145179.0
356,2021-01-12,841.0,146020.0
357,2021-01-13,668.0,146688.0
358,2021-01-14,595.0,147283.0
359,2021-01-15,577.0,147860.0
360,2021-01-16,510.0,148370.0
361,2021-01-17,237.0,148607.0
362,2021-01-18,318.0,148925.0
363,2021-01-19,537.0,149462.0
364,2021-01-20,511.0,149973.0
365,2021-01-21,506.0,150479.0
366,2021-01-22,562.0,151041.0
367,2021-01-23,605.0,151646.0
368,2021-01-24,334.0,151980.0
369,2021-01-25,432.0,152412.0
370,2021-01-26,814.0,153226.0
371,2021-01-27,857.0,154083.0
372,2021-01-28,713.0,154796.0
373,2021-01-29,882.0,155678.0
374,2021-01-30,795.0,156473.0
375,2021-01-31,484.0,156957.0
376,2021-02-01,538.0,157495.0
377,2021-02-02,1221.0,158716.0
378,2021-02-03,1150.0,159866.0
379,2021-02-04,1069.0,160935.0
380,2021-02-05,1172.0,162107.0
381,2021-02-06,1106.0,163213.0
382,2021-02-07,733.0,163946.0
383,2021-02-08,629.0,164575.0
384,2021-02-09,1492.0,166067.0
385,2021-02-10,1482.0,167549.0
386,2021-02-11,1323.0,168872.0
387,2021-02-12,1372.0,170244.0
388,2021-02-13,1222.0,171466.0
389,2021-02-14,662.0,172128.0
390,2021-02-15,696.0,172824.0
391,2021-02-16,1081.0,173905.0
392,2021-02-17,754.0,174659.0
