,dates,cases,cumul
0,2020-01-22,2.0,2.0
1,2020-01-23,0.0,2.0
2,2020-01-24,0.0,2.0
3,2020-01-25,0.0,2.0
4,2020-01-26,2.0,4.0
5,2020-01-27,0.0,4.0
6,2020-01-28,3.0,7.0
7,2020-01-29,0.0,7.0
8,2020-01-30,4.0,11.0
9,2020-01-31,4.0,15.0
10,2020-02-01,5.0,20.0
11,2020-02-02,0.0,20.0
12,2020-02-03,0.0,20.0
13,2020-02-04,2.0,22.0
14,2020-02-05,1.0,23.0
15,2020-02-06,0.0,23.0
16,2020-02-07,0.0,23.0
17,2020-02-08,1.0,24.0
18,2020-02-09,0.0,24.0
19,2020-02-10,2.0,26.0
20,2020-02-11,1.0,27.0
21,2020-02-12,1.0,28.0
22,2020-02-13,5.0,33.0
23,2020-02-14,10.0,43.0
24,2020-02-15,11.0,54.0
25,2020-02-16,6.0,60.0
26,2020-02-17,7.0,67.0
27,2020-02-18,12.0,79.0
28,2020-02-19,6.0,85.0
29,2020-02-20,10.0,95.0
30,2020-02-21,17.0,112.0
31,2020-02-22,25.0,137.0
32,2020-02-23,12.0,149.0
33,2020-02-24,11.0,160.0
34,2020-02-25,13.0,173.0
35,2020-02-26,19.0,192.0
36,2020-02-27,26.0,218.0
37,2020-02-28,18.0,236.0
38,2020-02-29,9.0,245.0
39,2020-03-01,14.0,259.0
40,2020-03-02,19.0,278.0
41,2020-03-03,20.0,298.0
42,2020-03-04,35.0,333.0
43,2020-03-05,32.0,365.0
44,2020-03-06,55.0,420.0
45,2020-03-07,46.0,466.0
46,2020-03-08,33.0,499.0
47,2020-03-09,28.0,527.0
48,2020-03-10,58.0,585.0
49,2020-03-11,55.0,640.0
50,2020-03-12,56.0,696.0
51,2020-03-13,37.0,733.0
52,2020-03-14,62.0,795.0
53,2020-03-15,31.0,826.0
54,2020-03-16,17.0,843.0
55,2020-03-17,50.0,893.0
56,2020-03-18,35.0,928.0
57,2020-03-19,40.0,968.0
58,2020-03-20,54.0,1022.0
59,2020-03-21,37.0,1059.0
60,2020-03-22,45.0,1104.0
61,2020-03-23,40.0,1144.0
62,2020-03-24,73.0,1217.0
63,2020-03-25,97.0,1314.0
64,2020-03-26,102.0,1416.0
65,2020-03-27,114.0,1530.0
66,2020-03-28,198.0,1728.0
67,2020-03-29,179.0,1907.0
68,2020-03-30,94.0,2001.0
69,2020-03-31,254.0,2255.0
70,2020-04-01,280.0,2535.0
71,2020-04-02,283.0,2818.0
72,2020-04-03,336.0,3154.0
73,2020-04-04,371.0,3525.0
74,2020-04-05,351.0,3876.0
75,2020-04-06,234.0,4110.0
76,2020-04-07,375.0,4485.0
77,2020-04-08,535.0,5020.0
78,2020-04-09,594.0,5614.0
79,2020-04-10,636.0,6250.0
80,2020-04-11,701.0,6951.0
81,2020-04-12,522.0,7473.0
82,2020-04-13,300.0,7773.0
83,2020-04-14,504.0,8277.0
84,2020-04-15,558.0,8835.0
85,2020-04-16,563.0,9398.0
86,2020-04-17,560.0,9958.0
87,2020-04-18,590.0,10548.0
88,2020-04-19,366.0,10914.0
89,2020-04-20,344.0,11258.0
90,2020-04-21,383.0,11641.0
91,2020-04-22,396.0,12037.0
92,2020-04-23,432.0,12469.0
93,2020-04-24,385.0,12854.0
94,2020-04-25,332.0,13186.0
95,2020-04-26,219.0,13405.0
96,2020-04-27,171.0,13576.0
97,2020-04-28,284.0,13860.0
98,2020-04-29,216.0,14076.0
99,2020-04-30,208.0,14284.0
100,2020-05-01,274.0,14558.0
101,2020-05-02,303.0,14861.0
102,2020-05-03,200.0,15061.0
103,2020-05-04,168.0,15229.0
104,2020-05-05,125.0,15354.0
105,2020-05-06,101.0,15455.0
106,2020-05-07,98.0,15553.0
107,2020-05-08,87.0,15640.0
108,2020-05-09,115.0,15755.0
109,2020-05-10,69.0,15824.0
110,2020-05-11,37.0,15861.0
111,2020-05-12,87.0,15948.0
112,2020-05-13,50.0,15998.0
113,2020-05-14,98.0,16096.0
114,2020-05-15,52.0,16148.0
115,2020-05-16,54.0,16202.0
116,2020-05-17,24.0,16226.0
117,2020-05-18,33.0,16259.0
118,2020-05-19,28.0,16287.0
119,2020-05-20,34.0,16321.0
120,2020-05-21,41.0,16362.0
121,2020-05-22,23.0,16385.0
122,2020-05-23,25.0,16410.0
123,2020-05-24,41.0,16451.0
124,2020-05-25,21.0,16472.0
125,2020-05-26,30.0,16502.0
126,2020-05-27,26.0,16528.0
127,2020-05-28,70.0,16598.0
128,2020-05-29,75.0,16673.0
129,2020-05-30,43.0,16716.0
130,2020-05-31,35.0,16751.0
131,2020-06-01,36.0,16787.0
132,2020-06-02,50.0,16837.0
133,2020-06-03,30.0,16867.0
134,2020-06-04,44.0,16911.0
135,2020-06-05,47.0,16958.0
136,2020-06-06,42.0,17000.0
137,2020-06-07,39.0,17039.0
138,2020-06-08,21.0,17060.0
139,2020-06-09,51.0,17111.0
140,2020-06-10,35.0,17146.0
141,2020-06-11,41.0,17187.0
142,2020-06-12,63.0,17250.0
143,2020-06-13,43.0,17293.0
144,2020-06-14,76.0,17369.0
145,2020-06-15,70.0,17439.0
146,2020-06-16,45.0,17484.0
147,2020-06-17,46.0,17530.0
148,2020-06-18,58.0,17588.0
149,2020-06-19,70.0,17658.0
150,2020-06-20,67.0,17725.0
151,2020-06-21,55.0,17780.0
152,2020-06-22,40.0,17820.0
153,2020-06-23,59.0,17879.0
154,2020-06-24,84.0,17963.0
155,2020-06-25,92.0,18055.0
156,2020-06-26,107.0,18162.0
157,2020-06-27,92.0,18254.0
158,2020-06-28,112.0,18366.0
159,2020-06-29,110.0,18476.0
160,2020-06-30,139.0,18615.0
161,2020-07-01,223.0,18838.0
162,2020-07-02,217.0,19055.0
163,2020-07-03,130.0,19185.0
164,2020-07-04,276.0,19461.0
165,2020-07-05,207.0,19668.0
166,2020-07-06,180.0,19848.0
167,2020-07-07,207.0,20055.0
168,2020-07-08,206.0,20261.0
169,2020-07-09,356.0,20617.0
170,2020-07-10,427.0,21044.0
171,2020-07-11,386.0,21430.0
172,2020-07-12,411.0,21841.0
173,2020-07-13,284.0,22125.0
174,2020-07-14,312.0,22437.0
175,2020-07-15,735.0,23172.0
176,2020-07-16,338.0,23510.0
177,2020-07-17,594.0,24104.0
178,2020-07-18,842.0,24946.0
179,2020-07-19,500.0,25446.0
180,2020-07-20,260.0,25706.0
181,2020-07-21,757.0,26463.0
182,2020-07-22,673.0,27136.0
183,2020-07-23,978.0,28114.0
184,2020-07-24,769.0,28883.0
185,2020-07-25,801.0,29684.0
186,2020-07-26,864.0,30548.0
187,2020-07-27,594.0,31142.0
188,2020-07-28,974.0,32116.0
189,2020-07-29,1266.0,33382.0
190,2020-07-30,1762.0,35144.0
191,2020-07-31,1090.0,36234.0
192,2020-08-01,1570.0,37804.0
193,2020-08-02,1312.0,39116.0
194,2020-08-03,983.0,40099.0
195,2020-08-04,1248.0,41347.0
196,2020-08-05,1339.0,42686.0
197,2020-08-06,1481.0,44167.0
198,2020-08-07,1597.0,45764.0
199,2020-08-08,1578.0,47342.0
200,2020-08-09,1440.0,48782.0
201,2020-08-10,835.0,49617.0
202,2020-08-11,685.0,50302.0
203,2020-08-12,986.0,51288.0
204,2020-08-13,1183.0,52471.0
205,2020-08-14,1347.0,53818.0
206,2020-08-15,1233.0,55051.0
207,2020-08-16,1023.0,56074.0
208,2020-08-17,643.0,56717.0
209,2020-08-18,919.0,57636.0
210,2020-08-19,1092.0,58728.0
211,2020-08-20,1172.0,59900.0
212,2020-08-21,1049.0,60949.0
213,2020-08-22,967.0,61916.0
214,2020-08-23,742.0,62658.0
215,2020-08-24,500.0,63158.0
216,2020-08-25,730.0,63888.0
217,2020-08-26,891.0,64779.0
218,2020-08-27,874.0,65653.0
219,2020-08-28,846.0,66499.0
220,2020-08-29,854.0,67353.0
221,2020-08-30,605.0,67958.0
222,2020-08-31,438.0,68396.0
223,2020-09-01,627.0,69023.0
224,2020-09-02,596.0,69619.0
225,2020-09-03,659.0,70278.0
226,2020-09-04,588.0,70866.0
227,2020-09-05,601.0,71467.0
228,2020-09-06,451.0,71918.0
229,2020-09-07,295.0,72213.0
230,2020-09-08,511.0,72724.0
231,2020-09-09,540.0,73264.0
232,2020-09-10,652.0,73916.0
233,2020-09-11,642.0,74558.0
234,2020-09-12,648.0,75206.0
235,2020-09-13,440.0,75646.0
236,2020-09-14,268.0,75914.0
237,2020-09-15,532.0,76446.0
238,2020-09-16,551.0,76997.0
239,2020-09-17,491.0,77488.0
240,2020-09-18,573.0,78061.0
241,2020-09-19,601.0,78662.0
242,2020-09-20,480.0,79142.0
243,2020-09-21,320.0,79462.0
244,2020-09-22,311.0,79773.0
245,2020-09-23,236.0,80009.0
246,2020-09-24,481.0,80490.0
247,2020-09-25,564.0,81054.0
248,2020-09-26,649.0,81703.0
249,2020-09-27,483.0,82186.0
250,2020-09-28,298.0,82484.0
251,2020-09-29,538.0,83022.0
252,2020-09-30,569.0,83591.0
253,2020-10-01,653.0,84244.0
254,2020-10-02,524.0,84768.0
255,2020-10-03,577.0,85345.0
256,2020-10-04,401.0,85746.0
257,2020-10-05,281.0,86027.0
258,2020-10-06,513.0,86540.0
259,2020-10-07,499.0,87039.0
260,2020-10-08,640.0,87679.0
261,2020-10-09,588.0,88267.0
262,2020-10-10,695.0,88962.0
263,2020-10-11,438.0,89400.0
264,2020-10-12,252.0,89652.0
265,2020-10-13,501.0,90153.0
266,2020-10-14,541.0,90694.0
267,2020-10-15,708.0,91402.0
268,2020-10-16,642.0,92044.0
269,2020-10-17,626.0,92670.0
270,2020-10-18,428.0,93098.0
271,2020-10-19,310.0,93408.0
272,2020-10-20,487.0,93895.0
273,2020-10-21,620.0,94515.0
274,2020-10-22,619.0,95134.0
275,2020-10-23,734.0,95868.0
276,2020-10-24,731.0,96599.0
277,2020-10-25,496.0,97095.0
278,2020-10-26,408.0,97503.0
279,2020-10-27,643.0,98146.0
280,2020-10-28,731.0,98877.0
281,2020-10-29,797.0,99674.0
282,2020-10-30,776.0,100450.0
283,2020-10-31,877.0,101327.0
284,2020-11-01,616.0,101943.0
285,2020-11-02,488.0,102431.0
286,2020-11-03,878.0,103309.0
287,2020-11-04,619.0,103928.0
288,2020-11-05,1036.0,104964.0
289,2020-11-06,1172.0,106136.0
290,2020-11-07,1303.0,107439.0
291,2020-11-08,955.0,108394.0
292,2020-11-09,797.0,109191.0
293,2020-11-10,1296.0,110487.0
294,2020-11-11,1524.0,112011.0
295,2020-11-12,1644.0,113655.0
296,2020-11-13,1705.0,115360.0
297,2020-11-14,1753.0,117113.0
298,2020-11-15,1498.0,118611.0
299,2020-11-16,946.0,119557.0
300,2020-11-17,1690.0,121247.0
301,2020-11-18,2230.0,123477.0
302,2020-11-19,2382.0,125859.0
303,2020-11-20,2426.0,128285.0
304,2020-11-21,2586.0,130871.0
305,2020-11-22,2163.0,133034.0
306,2020-11-23,1520.0,134554.0
307,2020-11-24,1232.0,135786.0
308,2020-11-25,1949.0,137735.0
309,2020-11-26,2490.0,140225.0
310,2020-11-27,2553.0,142778.0
311,2020-11-28,2679.0,145457.0
312,2020-11-29,2058.0,147515.0
313,2020-11-30,1447.0,148962.0
314,2020-12-01,2014.0,150976.0
315,2020-12-02,2456.0,153432.0
316,2020-12-03,2506.0,155938.0
317,2020-12-04,2449.0,158387.0
318,2020-12-05,2483.0,160870.0
319,2020-12-06,2047.0,162917.0
320,2020-12-07,1517.0,164434.0
321,2020-12-08,2158.0,166592.0
322,2020-12-09,2837.0,169429.0
323,2020-12-10,2977.0,172406.0
324,2020-12-11,2904.0,175310.0
325,2020-12-12,2962.0,178272.0
326,2020-12-13,2367.0,180639.0
327,2020-12-14,1672.0,182311.0
328,2020-12-15,2441.0,184752.0
329,2020-12-16,2999.0,187751.0
330,2020-12-17,3199.0,190950.0
331,2020-12-18,2803.0,193753.0
332,2020-12-19,3062.0,196815.0
333,2020-12-20,2455.0,199270.0
334,2020-12-21,1804.0,201074.0
335,2020-12-22,2658.0,203732.0
336,2020-12-23,3275.0,207007.0
337,2020-12-24,3762.0,210769.0
338,2020-12-25,3806.0,214575.0
339,2020-12-26,3892.0,218467.0
340,2020-12-27,2945.0,221412.0
341,2020-12-28,2374.0,223786.0
342,2020-12-29,3629.0,227415.0
343,2020-12-30,3856.0,231271.0
344,2020-12-31,4540.0,235811.0
345,2021-01-01,3257.0,239068.0
346,2021-01-02,3029.0,242097.0
347,2021-01-03,3196.0,245293.0
348,2021-01-04,3332.0,248625.0
349,2021-01-05,4946.0,253571.0
350,2021-01-06,5950.0,259521.0
351,2021-01-07,7563.0,267084.0
352,2021-01-08,7863.0,274947.0
353,2021-01-09,7790.0,282737.0
354,2021-01-10,6081.0,288818.0
355,2021-01-11,4928.0,293746.0
356,2021-01-12,4575.0,298321.0
357,2021-01-13,5819.0,304140.0
358,2021-01-14,6594.0,310734.0
359,2021-01-15,7137.0,317871.0
360,2021-01-16,7071.0,324942.0
361,2021-01-17,5773.0,330715.0
362,2021-01-18,4890.0,335605.0
363,2021-01-19,5384.0,340989.0
364,2021-01-20,5519.0,346508.0
365,2021-01-21,5621.0,352129.0
366,2021-01-22,5045.0,357174.0
367,2021-01-23,4754.0,361928.0
368,2021-01-24,3971.0,365899.0
369,2021-01-25,2785.0,368684.0
370,2021-01-26,3861.0,372545.0
371,2021-01-27,3937.0,376482.0
372,2021-01-28,4162.0,380644.0
373,2021-01-29,3536.0,384180.0
374,2021-01-30,3319.0,387499.0
375,2021-01-31,2667.0,390166.0
376,2021-02-01,1790.0,391956.0
377,2021-02-02,2313.0,394269.0
378,2021-02-03,2631.0,396900.0
379,2021-02-04,2592.0,399492.0
380,2021-02-05,2366.0,401858.0
381,2021-02-06,2270.0,404128.0
382,2021-02-07,1637.0,405765.0
383,2021-02-08,1227.0,406992.0
384,2021-02-09,1558.0,408550.0
385,2021-02-10,1884.0,410434.0
386,2021-02-11,1691.0,412125.0
387,2021-02-12,1316.0,413441.0
388,2021-02-13,1362.0,414803.0
389,2021-02-14,1351.0,416154.0
390,2021-02-15,973.0,417127.0
391,2021-02-16,1308.0,418435.0
392,2021-02-17,1461.0,419896.0
