,dates,cases,cumul
0,2020-01-22,1.0,1.0
1,2020-01-23,0.0,1.0
2,2020-01-24,1.0,2.0
3,2020-01-25,0.0,2.0
4,2020-01-26,1.0,3.0
5,2020-01-27,1.0,4.0
6,2020-01-28,0.0,4.0
7,2020-01-29,0.0,4.0
8,2020-01-30,0.0,4.0
9,2020-01-31,7.0,11.0
10,2020-02-01,1.0,12.0
11,2020-02-02,3.0,15.0
12,2020-02-03,0.0,15.0
13,2020-02-04,1.0,16.0
14,2020-02-05,3.0,19.0
15,2020-02-06,4.0,23.0
16,2020-02-07,1.0,24.0
17,2020-02-08,0.0,24.0
18,2020-02-09,1.0,25.0
19,2020-02-10,2.0,27.0
20,2020-02-11,1.0,28.0
21,2020-02-12,0.0,28.0
22,2020-02-13,0.0,28.0
23,2020-02-14,0.0,28.0
24,2020-02-15,0.0,28.0
25,2020-02-16,1.0,29.0
26,2020-02-17,1.0,30.0
27,2020-02-18,1.0,31.0
28,2020-02-19,0.0,31.0
29,2020-02-20,73.0,104.0
30,2020-02-21,100.0,204.0
31,2020-02-22,229.0,433.0
32,2020-02-23,169.0,602.0
33,2020-02-24,231.0,833.0
34,2020-02-25,144.0,977.0
35,2020-02-26,284.0,1261.0
36,2020-02-27,505.0,1766.0
37,2020-02-28,571.0,2337.0
38,2020-02-29,813.0,3150.0
39,2020-03-01,586.0,3736.0
40,2020-03-02,599.0,4335.0
41,2020-03-03,851.0,5186.0
42,2020-03-04,435.0,5621.0
43,2020-03-05,467.0,6088.0
44,2020-03-06,505.0,6593.0
45,2020-03-07,448.0,7041.0
46,2020-03-08,273.0,7314.0
47,2020-03-09,164.0,7478.0
48,2020-03-10,35.0,7513.0
49,2020-03-11,242.0,7755.0
50,2020-03-12,114.0,7869.0
51,2020-03-13,110.0,7979.0
52,2020-03-14,107.0,8086.0
53,2020-03-15,76.0,8162.0
54,2020-03-16,74.0,8236.0
55,2020-03-17,84.0,8320.0
56,2020-03-18,93.0,8413.0
57,2020-03-19,152.0,8565.0
58,2020-03-20,87.0,8652.0
59,2020-03-21,147.0,8799.0
60,2020-03-22,162.0,8961.0
61,2020-03-23,0.0,8961.0
62,2020-03-24,76.0,9037.0
63,2020-03-25,100.0,9137.0
64,2020-03-26,104.0,9241.0
65,2020-03-27,91.0,9332.0
66,2020-03-28,146.0,9478.0
67,2020-03-29,105.0,9583.0
68,2020-03-30,78.0,9661.0
69,2020-03-31,125.0,9786.0
70,2020-04-01,101.0,9887.0
71,2020-04-02,89.0,9976.0
72,2020-04-03,86.0,10062.0
73,2020-04-04,94.0,10156.0
74,2020-04-05,81.0,10237.0
75,2020-04-06,47.0,10284.0
76,2020-04-07,47.0,10331.0
77,2020-04-08,53.0,10384.0
78,2020-04-09,39.0,10423.0
79,2020-04-10,27.0,10450.0
80,2020-04-11,30.0,10480.0
81,2020-04-12,32.0,10512.0
82,2020-04-13,25.0,10537.0
83,2020-04-14,27.0,10564.0
84,2020-04-15,27.0,10591.0
85,2020-04-16,22.0,10613.0
86,2020-04-17,22.0,10635.0
87,2020-04-18,18.0,10653.0
88,2020-04-19,8.0,10661.0
89,2020-04-20,13.0,10674.0
90,2020-04-21,9.0,10683.0
91,2020-04-22,11.0,10694.0
92,2020-04-23,14.0,10708.0
93,2020-04-24,10.0,10718.0
94,2020-04-25,10.0,10728.0
95,2020-04-26,10.0,10738.0
96,2020-04-27,14.0,10752.0
97,2020-04-28,9.0,10761.0
98,2020-04-29,4.0,10765.0
99,2020-04-30,9.0,10774.0
100,2020-05-01,6.0,10780.0
101,2020-05-02,13.0,10793.0
102,2020-05-03,8.0,10801.0
103,2020-05-04,3.0,10804.0
104,2020-05-05,2.0,10806.0
105,2020-05-06,4.0,10810.0
106,2020-05-07,12.0,10822.0
107,2020-05-08,18.0,10840.0
108,2020-05-09,34.0,10874.0
109,2020-05-10,35.0,10909.0
110,2020-05-11,27.0,10936.0
111,2020-05-12,26.0,10962.0
112,2020-05-13,29.0,10991.0
113,2020-05-14,27.0,11018.0
114,2020-05-15,19.0,11037.0
115,2020-05-16,13.0,11050.0
116,2020-05-17,15.0,11065.0
117,2020-05-18,13.0,11078.0
118,2020-05-19,32.0,11110.0
119,2020-05-20,12.0,11122.0
120,2020-05-21,20.0,11142.0
121,2020-05-22,23.0,11165.0
122,2020-05-23,25.0,11190.0
123,2020-05-24,16.0,11206.0
124,2020-05-25,19.0,11225.0
125,2020-05-26,40.0,11265.0
126,2020-05-27,79.0,11344.0
127,2020-05-28,58.0,11402.0
128,2020-05-29,39.0,11441.0
129,2020-05-30,27.0,11468.0
130,2020-05-31,35.0,11503.0
131,2020-06-01,38.0,11541.0
132,2020-06-02,49.0,11590.0
133,2020-06-03,39.0,11629.0
134,2020-06-04,39.0,11668.0
135,2020-06-05,51.0,11719.0
136,2020-06-06,57.0,11776.0
137,2020-06-07,38.0,11814.0
138,2020-06-08,38.0,11852.0
139,2020-06-09,50.0,11902.0
140,2020-06-10,45.0,11947.0
141,2020-06-11,56.0,12003.0
142,2020-06-12,48.0,12051.0
143,2020-06-13,34.0,12085.0
144,2020-06-14,36.0,12121.0
145,2020-06-15,34.0,12155.0
146,2020-06-16,43.0,12198.0
147,2020-06-17,59.0,12257.0
148,2020-06-18,49.0,12306.0
149,2020-06-19,67.0,12373.0
150,2020-06-20,48.0,12421.0
151,2020-06-21,17.0,12438.0
152,2020-06-22,46.0,12484.0
153,2020-06-23,51.0,12535.0
154,2020-06-24,28.0,12563.0
155,2020-06-25,39.0,12602.0
156,2020-06-26,51.0,12653.0
157,2020-06-27,62.0,12715.0
158,2020-06-28,42.0,12757.0
159,2020-06-29,43.0,12800.0
160,2020-06-30,50.0,12850.0
161,2020-07-01,54.0,12904.0
162,2020-07-02,63.0,12967.0
163,2020-07-03,63.0,13030.0
164,2020-07-04,61.0,13091.0
165,2020-07-05,46.0,13137.0
166,2020-07-06,44.0,13181.0
167,2020-07-07,63.0,13244.0
168,2020-07-08,49.0,13293.0
169,2020-07-09,45.0,13338.0
170,2020-07-10,35.0,13373.0
171,2020-07-11,44.0,13417.0
172,2020-07-12,62.0,13479.0
173,2020-07-13,33.0,13512.0
174,2020-07-14,39.0,13551.0
175,2020-07-15,61.0,13612.0
176,2020-07-16,60.0,13672.0
177,2020-07-17,39.0,13711.0
178,2020-07-18,34.0,13745.0
179,2020-07-19,26.0,13771.0
180,2020-07-20,45.0,13816.0
181,2020-07-21,63.0,13879.0
182,2020-07-22,59.0,13938.0
183,2020-07-23,41.0,13979.0
184,2020-07-24,113.0,14092.0
185,2020-07-25,58.0,14150.0
186,2020-07-26,25.0,14175.0
187,2020-07-27,28.0,14203.0
188,2020-07-28,48.0,14251.0
189,2020-07-29,18.0,14269.0
190,2020-07-30,36.0,14305.0
191,2020-07-31,31.0,14336.0
192,2020-08-01,30.0,14366.0
193,2020-08-02,23.0,14389.0
194,2020-08-03,34.0,14423.0
195,2020-08-04,33.0,14456.0
196,2020-08-05,43.0,14499.0
197,2020-08-06,20.0,14519.0
198,2020-08-07,43.0,14562.0
199,2020-08-08,36.0,14598.0
200,2020-08-09,28.0,14626.0
201,2020-08-10,34.0,14660.0
202,2020-08-11,54.0,14714.0
203,2020-08-12,56.0,14770.0
204,2020-08-13,103.0,14873.0
205,2020-08-14,166.0,15039.0
206,2020-08-15,279.0,15318.0
207,2020-08-16,197.0,15515.0
208,2020-08-17,246.0,15761.0
209,2020-08-18,297.0,16058.0
210,2020-08-19,288.0,16346.0
211,2020-08-20,324.0,16670.0
212,2020-08-21,332.0,17002.0
213,2020-08-22,397.0,17399.0
214,2020-08-23,266.0,17665.0
215,2020-08-24,280.0,17945.0
216,2020-08-25,320.0,18265.0
217,2020-08-26,441.0,18706.0
218,2020-08-27,371.0,19077.0
219,2020-08-28,323.0,19400.0
220,2020-08-29,299.0,19699.0
221,2020-08-30,248.0,19947.0
222,2020-08-31,235.0,20182.0
223,2020-09-01,267.0,20449.0
224,2020-09-02,195.0,20644.0
225,2020-09-03,198.0,20842.0
226,2020-09-04,168.0,21010.0
227,2020-09-05,167.0,21177.0
228,2020-09-06,119.0,21296.0
229,2020-09-07,136.0,21432.0
230,2020-09-08,156.0,21588.0
231,2020-09-09,155.0,21743.0
232,2020-09-10,176.0,21919.0
233,2020-09-11,136.0,22055.0
234,2020-09-12,121.0,22176.0
235,2020-09-13,109.0,22285.0
236,2020-09-14,106.0,22391.0
237,2020-09-15,113.0,22504.0
238,2020-09-16,153.0,22657.0
239,2020-09-17,126.0,22783.0
240,2020-09-18,110.0,22893.0
241,2020-09-19,82.0,22975.0
242,2020-09-20,70.0,23045.0
243,2020-09-21,61.0,23106.0
244,2020-09-22,110.0,23216.0
245,2020-09-23,125.0,23341.0
246,2020-09-24,114.0,23455.0
247,2020-09-25,61.0,23516.0
248,2020-09-26,95.0,23611.0
249,2020-09-27,50.0,23661.0
250,2020-09-28,38.0,23699.0
251,2020-09-29,113.0,23812.0
252,2020-09-30,77.0,23889.0
253,2020-10-01,63.0,23952.0
254,2020-10-02,75.0,24027.0
255,2020-10-03,64.0,24091.0
256,2020-10-04,73.0,24164.0
257,2020-10-05,75.0,24239.0
258,2020-10-06,114.0,24353.0
259,2020-10-07,69.0,24422.0
260,2020-10-08,54.0,24476.0
261,2020-10-09,72.0,24548.0
262,2020-10-10,58.0,24606.0
263,2020-10-11,97.0,24703.0
264,2020-10-12,102.0,24805.0
265,2020-10-13,84.0,24889.0
266,2020-10-14,99.0,24988.0
267,2020-10-15,47.0,25035.0
268,2020-10-16,73.0,25108.0
269,2020-10-17,91.0,25199.0
270,2020-10-18,76.0,25275.0
271,2020-10-19,58.0,25333.0
272,2020-10-20,91.0,25424.0
273,2020-10-21,119.0,25543.0
274,2020-10-22,155.0,25698.0
275,2020-10-23,77.0,25775.0
276,2020-10-24,61.0,25836.0
277,2020-10-25,119.0,25955.0
278,2020-10-26,88.0,26043.0
279,2020-10-27,103.0,26146.0
280,2020-10-28,125.0,26271.0
281,2020-10-29,114.0,26385.0
282,2020-10-30,126.0,26511.0
283,2020-10-31,124.0,26635.0
284,2020-11-01,97.0,26732.0
285,2020-11-02,75.0,26807.0
286,2020-11-03,118.0,26925.0
287,2020-11-04,125.0,27050.0
288,2020-11-05,145.0,27195.0
289,2020-11-06,89.0,27284.0
290,2020-11-07,143.0,27427.0
291,2020-11-08,126.0,27553.0
292,2020-11-09,100.0,27653.0
293,2020-11-10,146.0,27799.0
294,2020-11-11,143.0,27942.0
295,2020-11-12,191.0,28133.0
296,2020-11-13,205.0,28338.0
297,2020-11-14,208.0,28546.0
298,2020-11-15,223.0,28769.0
299,2020-11-16,229.0,28998.0
300,2020-11-17,313.0,29311.0
301,2020-11-18,343.0,29654.0
302,2020-11-19,363.0,30017.0
303,2020-11-20,386.0,30403.0
304,2020-11-21,330.0,30733.0
305,2020-11-22,271.0,31004.0
306,2020-11-23,349.0,31353.0
307,2020-11-24,382.0,31735.0
308,2020-11-25,583.0,32318.0
309,2020-11-26,569.0,32887.0
310,2020-11-27,488.0,33375.0
311,2020-11-28,449.0,33824.0
312,2020-11-29,377.0,34201.0
313,2020-11-30,451.0,34652.0
314,2020-12-01,511.0,35163.0
315,2020-12-02,540.0,35703.0
316,2020-12-03,629.0,36332.0
317,2020-12-04,583.0,36915.0
318,2020-12-05,631.0,37546.0
319,2020-12-06,615.0,38161.0
320,2020-12-07,594.0,38755.0
321,2020-12-08,677.0,39432.0
322,2020-12-09,666.0,40098.0
323,2020-12-10,688.0,40786.0
324,2020-12-11,950.0,41736.0
325,2020-12-12,1030.0,42766.0
326,2020-12-13,718.0,43484.0
327,2020-12-14,880.0,44364.0
328,2020-12-15,1078.0,45442.0
329,2020-12-16,1011.0,46453.0
330,2020-12-17,1062.0,47515.0
331,2020-12-18,1055.0,48570.0
332,2020-12-19,1095.0,49665.0
333,2020-12-20,926.0,50591.0
334,2020-12-21,869.0,51460.0
335,2020-12-22,1090.0,52550.0
336,2020-12-23,983.0,53533.0
337,2020-12-24,1237.0,54770.0
338,2020-12-25,1132.0,55902.0
339,2020-12-26,970.0,56872.0
340,2020-12-27,808.0,57680.0
341,2020-12-28,1045.0,58725.0
342,2020-12-29,1048.0,59773.0
343,2020-12-30,967.0,60740.0
344,2020-12-31,1029.0,61769.0
345,2021-01-01,824.0,62593.0
346,2021-01-02,651.0,63244.0
347,2021-01-03,1020.0,64264.0
348,2021-01-04,715.0,64979.0
349,2021-01-05,839.0,65818.0
350,2021-01-06,868.0,66686.0
351,2021-01-07,672.0,67358.0
352,2021-01-08,641.0,67999.0
353,2021-01-09,665.0,68664.0
354,2021-01-10,450.0,69114.0
355,2021-01-11,537.0,69651.0
356,2021-01-12,561.0,70212.0
357,2021-01-13,516.0,70728.0
358,2021-01-14,513.0,71241.0
359,2021-01-15,579.0,71820.0
360,2021-01-16,520.0,72340.0
361,2021-01-17,389.0,72729.0
362,2021-01-18,386.0,73115.0
363,2021-01-19,403.0,73518.0
364,2021-01-20,400.0,73918.0
365,2021-01-21,344.0,74262.0
366,2021-01-22,430.0,74692.0
367,2021-01-23,392.0,75084.0
368,2021-01-24,437.0,75521.0
369,2021-01-25,354.0,75875.0
370,2021-01-26,554.0,76429.0
371,2021-01-27,497.0,76926.0
372,2021-01-28,469.0,77395.0
373,2021-01-29,455.0,77850.0
374,2021-01-30,355.0,78205.0
375,2021-01-31,303.0,78508.0
376,2021-02-01,336.0,78844.0
377,2021-02-02,467.0,79311.0
378,2021-02-03,451.0,79762.0
379,2021-02-04,369.0,80131.0
380,2021-02-05,393.0,80524.0
381,2021-02-06,372.0,80896.0
382,2021-02-07,289.0,81185.0
383,2021-02-08,302.0,81487.0
384,2021-02-09,443.0,81930.0
385,2021-02-10,504.0,82434.0
386,2021-02-11,403.0,82837.0
387,2021-02-12,362.0,83199.0
388,2021-02-13,326.0,83525.0
389,2021-02-14,344.0,83869.0
390,2021-02-15,456.0,84325.0
391,2021-02-16,621.0,84946.0
392,2021-02-17,621.0,85567.0
