,dates,cases,cumul
0,2020-01-22,0.0,0.0
1,2020-01-23,0.0,0.0
2,2020-01-24,0.0,0.0
3,2020-01-25,0.0,0.0
4,2020-01-26,0.0,0.0
5,2020-01-27,0.0,0.0
6,2020-01-28,0.0,0.0
7,2020-01-29,0.0,0.0
8,2020-01-30,0.0,0.0
9,2020-01-31,0.0,0.0
10,2020-02-01,0.0,0.0
11,2020-02-02,0.0,0.0
12,2020-02-03,0.0,0.0
13,2020-02-04,0.0,0.0
14,2020-02-05,0.0,0.0
15,2020-02-06,0.0,0.0
16,2020-02-07,0.0,0.0
17,2020-02-08,0.0,0.0
18,2020-02-09,0.0,0.0
19,2020-02-10,0.0,0.0
20,2020-02-11,0.0,0.0
21,2020-02-12,0.0,0.0
22,2020-02-13,0.0,0.0
23,2020-02-14,0.0,0.0
24,2020-02-15,0.0,0.0
25,2020-02-16,0.0,0.0
26,2020-02-17,0.0,0.0
27,2020-02-18,0.0,0.0
28,2020-02-19,0.0,0.0
29,2020-02-20,0.0,0.0
30,2020-02-21,0.0,0.0
31,2020-02-22,0.0,0.0
32,2020-02-23,0.0,0.0
33,2020-02-24,0.0,0.0
34,2020-02-25,0.0,0.0
35,2020-02-26,0.0,0.0
36,2020-02-27,0.0,0.0
37,2020-02-28,0.0,0.0
38,2020-02-29,0.0,0.0
39,2020-03-01,0.0,0.0
40,2020-03-02,0.0,0.0
41,2020-03-03,0.0,0.0
42,2020-03-04,0.0,0.0
43,2020-03-05,0.0,0.0
44,2020-03-06,0.0,0.0
45,2020-03-07,0.0,0.0
46,2020-03-08,0.0,0.0
47,2020-03-09,0.0,0.0
48,2020-03-10,0.0,0.0
49,2020-03-11,0.0,0.0
50,2020-03-12,0.0,0.0
51,2020-03-13,0.0,0.0
52,2020-03-14,0.0,0.0
53,2020-03-15,0.0,0.0
54,2020-03-16,0.0,0.0
55,2020-03-17,0.0,0.0
56,2020-03-18,0.0,0.0
57,2020-03-19,0.0,0.0
58,2020-03-20,3.0,3.0
59,2020-03-21,0.0,3.0
60,2020-03-22,0.0,3.0
61,2020-03-23,9.0,12.0
62,2020-03-24,5.0,17.0
63,2020-03-25,2.0,19.0
64,2020-03-26,4.0,23.0
65,2020-03-27,3.0,26.0
66,2020-03-28,0.0,26.0
67,2020-03-29,13.0,39.0
68,2020-03-30,4.0,43.0
69,2020-03-31,14.0,57.0
70,2020-04-01,0.0,57.0
71,2020-04-02,2.0,59.0
72,2020-04-03,11.0,70.0
73,2020-04-04,0.0,70.0
74,2020-04-05,2.0,72.0
75,2020-04-06,10.0,82.0
76,2020-04-07,6.0,88.0
77,2020-04-08,5.0,93.0
78,2020-04-09,0.0,93.0
79,2020-04-10,0.0,93.0
80,2020-04-11,9.0,102.0
81,2020-04-12,4.0,106.0
82,2020-04-13,0.0,106.0
83,2020-04-14,2.0,108.0
84,2020-04-15,2.0,110.0
85,2020-04-16,1.0,111.0
86,2020-04-17,6.0,117.0
87,2020-04-18,3.0,120.0
88,2020-04-19,1.0,121.0
89,2020-04-20,0.0,121.0
90,2020-04-21,0.0,121.0
91,2020-04-22,0.0,121.0
92,2020-04-23,0.0,121.0
93,2020-04-24,1.0,122.0
94,2020-04-25,1.0,123.0
95,2020-04-26,1.0,124.0
96,2020-04-27,4.0,128.0
97,2020-04-28,0.0,128.0
98,2020-04-29,0.0,128.0
99,2020-04-30,0.0,128.0
100,2020-05-01,4.0,132.0
101,2020-05-02,3.0,135.0
102,2020-05-03,14.0,149.0
103,2020-05-04,0.0,149.0
104,2020-05-05,2.0,151.0
105,2020-05-06,7.0,158.0
106,2020-05-07,35.0,193.0
107,2020-05-08,0.0,193.0
108,2020-05-09,0.0,193.0
109,2020-05-10,0.0,193.0
110,2020-05-11,-7.0,186.0
111,2020-05-12,0.0,186.0
112,2020-05-13,26.0,212.0
113,2020-05-14,18.0,230.0
114,2020-05-15,8.0,238.0
115,2020-05-16,45.0,283.0
116,2020-05-17,21.0,304.0
117,2020-05-18,18.0,322.0
118,2020-05-19,4.0,326.0
119,2020-05-20,45.0,371.0
120,2020-05-21,34.0,405.0
121,2020-05-22,43.0,448.0
122,2020-05-23,40.0,488.0
123,2020-05-24,39.0,527.0
124,2020-05-25,15.0,542.0
125,2020-05-26,44.0,586.0
126,2020-05-27,26.0,612.0
127,2020-05-28,44.0,656.0
128,2020-05-29,42.0,698.0
129,2020-05-30,60.0,758.0
130,2020-05-31,13.0,771.0
131,2020-06-01,55.0,826.0
132,2020-06-02,19.0,845.0
133,2020-06-03,63.0,908.0
134,2020-06-04,49.0,957.0
135,2020-06-05,18.0,975.0
136,2020-06-06,51.0,1026.0
137,2020-06-07,26.0,1052.0
138,2020-06-08,42.0,1094.0
139,2020-06-09,44.0,1138.0
140,2020-06-10,24.0,1162.0
141,2020-06-11,41.0,1203.0
142,2020-06-12,37.0,1240.0
143,2020-06-13,12.0,1252.0
144,2020-06-14,20.0,1272.0
145,2020-06-15,18.0,1290.0
146,2020-06-16,27.0,1317.0
147,2020-06-17,61.0,1378.0
148,2020-06-18,25.0,1403.0
149,2020-06-19,40.0,1443.0
150,2020-06-20,60.0,1503.0
151,2020-06-21,93.0,1596.0
152,2020-06-22,44.0,1640.0
153,2020-06-23,84.0,1724.0
154,2020-06-24,63.0,1787.0
155,2020-06-25,42.0,1829.0
156,2020-06-26,93.0,1922.0
157,2020-06-27,83.0,2005.0
158,2020-06-28,73.0,2078.0
159,2020-06-29,60.0,2138.0
160,2020-06-30,76.0,2214.0
161,2020-07-01,89.0,2303.0
162,2020-07-02,100.0,2403.0
163,2020-07-03,109.0,2512.0
164,2020-07-04,216.0,2728.0
165,2020-07-05,213.0,2941.0
166,2020-07-06,309.0,3250.0
167,2020-07-07,222.0,3472.0
168,2020-07-08,101.0,3573.0
169,2020-07-09,209.0,3782.0
170,2020-07-10,361.0,4143.0
171,2020-07-11,435.0,4578.0
172,2020-07-12,289.0,4867.0
173,2020-07-13,213.0,5080.0
174,2020-07-14,263.0,5343.0
175,2020-07-15,262.0,5605.0
176,2020-07-16,484.0,6089.0
177,2020-07-17,378.0,6467.0
178,2020-07-18,382.0,6849.0
179,2020-07-19,200.0,7049.0
180,2020-07-20,104.0,7153.0
181,2020-07-21,395.0,7548.0
182,2020-07-22,614.0,8162.0
183,2020-07-23,219.0,8381.0
184,2020-07-24,360.0,8741.0
185,2020-07-25,125.0,8866.0
186,2020-07-26,429.0,9295.0
187,2020-07-27,395.0,9690.0
188,2020-07-28,414.0,10104.0
189,2020-07-29,213.0,10317.0
190,2020-07-30,431.0,10748.0
191,2020-07-31,120.0,10868.0
192,2020-08-01,405.0,11273.0
193,2020-08-02,255.0,11528.0
194,2020-08-03,132.0,11660.0
195,2020-08-04,235.0,11895.0
196,2020-08-05,327.0,12222.0
197,2020-08-06,304.0,12526.0
198,2020-08-07,182.0,12708.0
199,2020-08-08,214.0,12922.0
200,2020-08-09,164.0,13086.0
201,2020-08-10,116.0,13202.0
202,2020-08-11,115.0,13317.0
203,2020-08-12,80.0,13397.0
204,2020-08-13,125.0,13522.0
205,2020-08-14,121.0,13643.0
206,2020-08-15,81.0,13724.0
207,2020-08-16,103.0,13827.0
208,2020-08-17,59.0,13886.0
209,2020-08-18,123.0,14009.0
210,2020-08-19,65.0,14074.0
211,2020-08-20,80.0,14154.0
212,2020-08-21,64.0,14218.0
213,2020-08-22,59.0,14277.0
214,2020-08-23,50.0,14327.0
215,2020-08-24,75.0,14402.0
216,2020-08-25,73.0,14475.0
217,2020-08-26,79.0,14554.0
218,2020-08-27,38.0,14592.0
219,2020-08-28,104.0,14696.0
220,2020-08-29,95.0,14791.0
221,2020-08-30,52.0,14843.0
222,2020-08-31,20.0,14863.0
223,2020-09-01,94.0,14957.0
224,2020-09-02,66.0,15023.0
225,2020-09-03,83.0,15106.0
226,2020-09-04,81.0,15187.0
227,2020-09-05,82.0,15269.0
228,2020-09-06,50.0,15319.0
229,2020-09-07,33.0,15352.0
230,2020-09-08,83.0,15435.0
231,2020-09-09,85.0,15520.0
232,2020-09-10,104.0,15624.0
233,2020-09-11,45.0,15669.0
234,2020-09-12,68.0,15737.0
235,2020-09-13,20.0,15757.0
236,2020-09-14,12.0,15769.0
237,2020-09-15,34.0,15803.0
238,2020-09-16,68.0,15871.0
239,2020-09-17,54.0,15925.0
240,2020-09-18,46.0,15971.0
241,2020-09-19,49.0,16020.0
242,2020-09-20,33.0,16053.0
243,2020-09-21,20.0,16073.0
244,2020-09-22,63.0,16136.0
245,2020-09-23,31.0,16167.0
246,2020-09-24,24.0,16191.0
247,2020-09-25,30.0,16221.0
248,2020-09-26,36.0,16257.0
249,2020-09-27,28.0,16285.0
250,2020-09-28,63.0,16348.0
251,2020-09-29,29.0,16377.0
252,2020-09-30,31.0,16408.0
253,2020-10-01,46.0,16454.0
254,2020-10-02,39.0,16493.0
255,2020-10-03,36.0,16529.0
256,2020-10-04,29.0,16558.0
257,2020-10-05,12.0,16570.0
258,2020-10-06,30.0,16600.0
259,2020-10-07,33.0,16633.0
260,2020-10-08,21.0,16654.0
261,2020-10-09,22.0,16676.0
262,2020-10-10,26.0,16702.0
263,2020-10-11,16.0,16718.0
264,2020-10-12,8.0,16726.0
265,2020-10-13,28.0,16754.0
266,2020-10-14,0.0,16754.0
267,2020-10-15,0.0,16754.0
268,2020-10-16,0.0,16754.0
269,2020-10-17,56.0,16810.0
270,2020-10-18,0.0,16810.0
271,2020-10-19,0.0,16810.0
272,2020-10-20,0.0,16810.0
273,2020-10-21,0.0,16810.0
274,2020-10-22,0.0,16810.0
275,2020-10-23,0.0,16810.0
276,2020-10-24,158.0,16968.0
277,2020-10-25,0.0,16968.0
278,2020-10-26,0.0,16968.0
279,2020-10-27,0.0,16968.0
280,2020-10-28,0.0,16968.0
281,2020-10-29,0.0,16968.0
282,2020-10-30,0.0,16968.0
283,2020-10-31,143.0,17111.0
284,2020-11-01,0.0,17111.0
285,2020-11-02,0.0,17111.0
286,2020-11-03,0.0,17111.0
287,2020-11-04,0.0,17111.0
288,2020-11-05,0.0,17111.0
289,2020-11-06,0.0,17111.0
290,2020-11-07,0.0,17111.0
291,2020-11-08,112.0,17223.0
292,2020-11-09,0.0,17223.0
293,2020-11-10,0.0,17223.0
294,2020-11-11,0.0,17223.0
295,2020-11-12,0.0,17223.0
296,2020-11-13,0.0,17223.0
297,2020-11-14,0.0,17223.0
298,2020-11-15,87.0,17310.0
299,2020-11-16,0.0,17310.0
300,2020-11-17,0.0,17310.0
301,2020-11-18,0.0,17310.0
302,2020-11-19,0.0,17310.0
303,2020-11-20,0.0,17310.0
304,2020-11-21,0.0,17310.0
305,2020-11-22,31.0,17341.0
306,2020-11-23,0.0,17341.0
307,2020-11-24,0.0,17341.0
308,2020-11-25,0.0,17341.0
309,2020-11-26,0.0,17341.0
310,2020-11-27,0.0,17341.0
311,2020-11-28,0.0,17341.0
312,2020-11-29,0.0,17341.0
313,2020-11-30,0.0,17341.0
314,2020-12-01,0.0,17341.0
315,2020-12-02,0.0,17341.0
316,2020-12-03,0.0,17341.0
317,2020-12-04,0.0,17341.0
318,2020-12-05,132.0,17473.0
319,2020-12-06,0.0,17473.0
320,2020-12-07,0.0,17473.0
321,2020-12-08,0.0,17473.0
322,2020-12-09,0.0,17473.0
323,2020-12-10,0.0,17473.0
324,2020-12-11,0.0,17473.0
325,2020-12-12,114.0,17587.0
326,2020-12-13,0.0,17587.0
327,2020-12-14,0.0,17587.0
328,2020-12-15,0.0,17587.0
329,2020-12-16,0.0,17587.0
330,2020-12-17,0.0,17587.0
331,2020-12-18,0.0,17587.0
332,2020-12-19,0.0,17587.0
333,2020-12-20,46.0,17633.0
334,2020-12-21,0.0,17633.0
335,2020-12-22,0.0,17633.0
336,2020-12-23,0.0,17633.0
337,2020-12-24,0.0,17633.0
338,2020-12-25,0.0,17633.0
339,2020-12-26,0.0,17633.0
340,2020-12-27,81.0,17714.0
341,2020-12-28,0.0,17714.0
342,2020-12-29,0.0,17714.0
343,2020-12-30,0.0,17714.0
344,2020-12-31,0.0,17714.0
345,2021-01-01,0.0,17714.0
346,2021-01-02,53.0,17767.0
347,2021-01-03,0.0,17767.0
348,2021-01-04,0.0,17767.0
349,2021-01-05,0.0,17767.0
350,2021-01-06,0.0,17767.0
351,2021-01-07,0.0,17767.0
352,2021-01-08,0.0,17767.0
353,2021-01-09,0.0,17767.0
354,2021-01-10,234.0,18001.0
355,2021-01-11,0.0,18001.0
356,2021-01-12,0.0,18001.0
357,2021-01-13,0.0,18001.0
358,2021-01-14,0.0,18001.0
359,2021-01-15,0.0,18001.0
360,2021-01-16,0.0,18001.0
361,2021-01-17,300.0,18301.0
362,2021-01-18,0.0,18301.0
363,2021-01-19,0.0,18301.0
364,2021-01-20,0.0,18301.0
365,2021-01-21,0.0,18301.0
366,2021-01-22,0.0,18301.0
367,2021-01-23,0.0,18301.0
368,2021-01-24,442.0,18743.0
369,2021-01-25,0.0,18743.0
370,2021-01-26,0.0,18743.0
371,2021-01-27,0.0,18743.0
372,2021-01-28,0.0,18743.0
373,2021-01-29,0.0,18743.0
374,2021-01-30,0.0,18743.0
375,2021-01-31,322.0,19065.0
376,2021-02-01,0.0,19065.0
377,2021-02-02,0.0,19065.0
378,2021-02-03,0.0,19065.0
379,2021-02-04,0.0,19065.0
380,2021-02-05,0.0,19065.0
381,2021-02-06,0.0,19065.0
382,2021-02-07,295.0,19360.0
383,2021-02-08,0.0,19360.0
384,2021-02-09,0.0,19360.0
385,2021-02-10,0.0,19360.0
386,2021-02-11,0.0,19360.0
387,2021-02-12,0.0,19360.0
388,2021-02-13,0.0,19360.0
389,2021-02-14,238.0,19598.0
390,2021-02-15,0.0,19598.0
391,2021-02-16,0.0,19598.0
392,2021-02-17,0.0,19598.0
