,dates,cases,cumul
0,2020-01-22,0.0,0.0
1,2020-01-23,0.0,0.0
2,2020-01-24,0.0,0.0
3,2020-01-25,0.0,0.0
4,2020-01-26,0.0,0.0
5,2020-01-27,0.0,0.0
6,2020-01-28,0.0,0.0
7,2020-01-29,0.0,0.0
8,2020-01-30,0.0,0.0
9,2020-01-31,0.0,0.0
10,2020-02-01,0.0,0.0
11,2020-02-02,0.0,0.0
12,2020-02-03,0.0,0.0
13,2020-02-04,0.0,0.0
14,2020-02-05,0.0,0.0
15,2020-02-06,0.0,0.0
16,2020-02-07,0.0,0.0
17,2020-02-08,0.0,0.0
18,2020-02-09,0.0,0.0
19,2020-02-10,0.0,0.0
20,2020-02-11,0.0,0.0
21,2020-02-12,0.0,0.0
22,2020-02-13,0.0,0.0
23,2020-02-14,0.0,0.0
24,2020-02-15,0.0,0.0
25,2020-02-16,0.0,0.0
26,2020-02-17,0.0,0.0
27,2020-02-18,0.0,0.0
28,2020-02-19,0.0,0.0
29,2020-02-20,0.0,0.0
30,2020-02-21,0.0,0.0
31,2020-02-22,0.0,0.0
32,2020-02-23,0.0,0.0
33,2020-02-24,0.0,0.0
34,2020-02-25,0.0,0.0
35,2020-02-26,0.0,0.0
36,2020-02-27,0.0,0.0
37,2020-02-28,0.0,0.0
38,2020-02-29,0.0,0.0
39,2020-03-01,0.0,0.0
40,2020-03-02,0.0,0.0
41,2020-03-03,0.0,0.0
42,2020-03-04,0.0,0.0
43,2020-03-05,0.0,0.0
44,2020-03-06,0.0,0.0
45,2020-03-07,0.0,0.0
46,2020-03-08,0.0,0.0
47,2020-03-09,0.0,0.0
48,2020-03-10,0.0,0.0
49,2020-03-11,0.0,0.0
50,2020-03-12,0.0,0.0
51,2020-03-13,0.0,0.0
52,2020-03-14,0.0,0.0
53,2020-03-15,0.0,0.0
54,2020-03-16,0.0,0.0
55,2020-03-17,0.0,0.0
56,2020-03-18,0.0,0.0
57,2020-03-19,0.0,0.0
58,2020-03-20,0.0,0.0
59,2020-03-21,0.0,0.0
60,2020-03-22,0.0,0.0
61,2020-03-23,0.0,0.0
62,2020-03-24,0.0,0.0
63,2020-03-25,0.0,0.0
64,2020-03-26,0.0,0.0
65,2020-03-27,0.0,0.0
66,2020-03-28,0.0,0.0
67,2020-03-29,0.0,0.0
68,2020-03-30,0.0,0.0
69,2020-03-31,0.0,0.0
70,2020-04-01,0.0,0.0
71,2020-04-02,3.0,3.0
72,2020-04-03,0.0,3.0
73,2020-04-04,1.0,4.0
74,2020-04-05,0.0,4.0
75,2020-04-06,1.0,5.0
76,2020-04-07,3.0,8.0
77,2020-04-08,0.0,8.0
78,2020-04-09,0.0,8.0
79,2020-04-10,1.0,9.0
80,2020-04-11,3.0,12.0
81,2020-04-12,1.0,13.0
82,2020-04-13,3.0,16.0
83,2020-04-14,0.0,16.0
84,2020-04-15,0.0,16.0
85,2020-04-16,0.0,16.0
86,2020-04-17,1.0,17.0
87,2020-04-18,0.0,17.0
88,2020-04-19,0.0,17.0
89,2020-04-20,0.0,17.0
90,2020-04-21,1.0,18.0
91,2020-04-22,5.0,23.0
92,2020-04-23,10.0,33.0
93,2020-04-24,0.0,33.0
94,2020-04-25,0.0,33.0
95,2020-04-26,1.0,34.0
96,2020-04-27,2.0,36.0
97,2020-04-28,0.0,36.0
98,2020-04-29,0.0,36.0
99,2020-04-30,1.0,37.0
100,2020-05-01,0.0,37.0
101,2020-05-02,1.0,38.0
102,2020-05-03,1.0,39.0
103,2020-05-04,2.0,41.0
104,2020-05-05,0.0,41.0
105,2020-05-06,2.0,43.0
106,2020-05-07,0.0,43.0
107,2020-05-08,0.0,43.0
108,2020-05-09,13.0,56.0
109,2020-05-10,0.0,56.0
110,2020-05-11,1.0,57.0
111,2020-05-12,0.0,57.0
112,2020-05-13,6.0,63.0
113,2020-05-14,0.0,63.0
114,2020-05-15,0.0,63.0
115,2020-05-16,2.0,65.0
116,2020-05-17,5.0,70.0
117,2020-05-18,0.0,70.0
118,2020-05-19,0.0,70.0
119,2020-05-20,1.0,71.0
120,2020-05-21,1.0,72.0
121,2020-05-22,10.0,82.0
122,2020-05-23,0.0,82.0
123,2020-05-24,1.0,83.0
124,2020-05-25,18.0,101.0
125,2020-05-26,0.0,101.0
126,2020-05-27,0.0,101.0
127,2020-05-28,102.0,203.0
128,2020-05-29,70.0,273.0
129,2020-05-30,6.0,279.0
130,2020-05-31,5.0,284.0
131,2020-06-01,52.0,336.0
132,2020-06-02,22.0,358.0
133,2020-06-03,11.0,369.0
134,2020-06-04,24.0,393.0
135,2020-06-05,16.0,409.0
136,2020-06-06,0.0,409.0
137,2020-06-07,29.0,438.0
138,2020-06-08,5.0,443.0
139,2020-06-09,12.0,455.0
140,2020-06-10,0.0,455.0
141,2020-06-11,26.0,481.0
142,2020-06-12,0.0,481.0
143,2020-06-13,48.0,529.0
144,2020-06-14,18.0,547.0
145,2020-06-15,8.0,555.0
146,2020-06-16,9.0,564.0
147,2020-06-17,8.0,572.0
148,2020-06-18,20.0,592.0
149,2020-06-19,28.0,620.0
150,2020-06-20,0.0,620.0
151,2020-06-21,110.0,730.0
152,2020-06-22,19.0,749.0
153,2020-06-23,54.0,803.0
154,2020-06-24,138.0,941.0
155,2020-06-25,19.0,960.0
156,2020-06-26,45.0,1005.0
157,2020-06-27,33.0,1038.0
158,2020-06-28,108.0,1146.0
159,2020-06-29,6.0,1152.0
160,2020-06-30,72.0,1224.0
161,2020-07-01,41.0,1265.0
162,2020-07-02,77.0,1342.0
163,2020-07-03,156.0,1498.0
164,2020-07-04,115.0,1613.0
165,2020-07-05,0.0,1613.0
166,2020-07-06,129.0,1742.0
167,2020-07-07,76.0,1818.0
168,2020-07-08,46.0,1864.0
169,2020-07-09,78.0,1942.0
170,2020-07-10,127.0,2069.0
171,2020-07-11,192.0,2261.0
172,2020-07-12,103.0,2364.0
173,2020-07-13,66.0,2430.0
174,2020-07-14,67.0,2497.0
175,2020-07-15,117.0,2614.0
176,2020-07-16,98.0,2712.0
177,2020-07-17,93.0,2805.0
178,2020-07-18,5.0,2810.0
179,2020-07-19,97.0,2907.0
180,2020-07-20,85.0,2992.0
181,2020-07-21,53.0,3045.0
182,2020-07-22,257.0,3302.0
183,2020-07-23,0.0,3302.0
184,2020-07-24,151.0,3453.0
185,2020-07-25,0.0,3453.0
186,2020-07-26,187.0,3640.0
187,2020-07-27,24.0,3664.0
188,2020-07-28,45.0,3709.0
189,2020-07-29,29.0,3738.0
190,2020-07-30,120.0,3858.0
191,2020-07-31,220.0,4078.0
192,2020-08-01,108.0,4186.0
193,2020-08-02,45.0,4231.0
194,2020-08-03,41.0,4272.0
195,2020-08-04,89.0,4361.0
196,2020-08-05,65.0,4426.0
197,2020-08-06,65.0,4491.0
198,2020-08-07,84.0,4575.0
199,2020-08-08,49.0,4624.0
200,2020-08-09,34.0,4658.0
201,2020-08-10,16.0,4674.0
202,2020-08-11,40.0,4714.0
203,2020-08-12,38.0,4752.0
204,2020-08-13,160.0,4912.0
205,2020-08-14,76.0,4988.0
206,2020-08-15,38.0,5026.0
207,2020-08-16,46.0,5072.0
208,2020-08-17,53.0,5125.0
209,2020-08-18,68.0,5193.0
210,2020-08-19,47.0,5240.0
211,2020-08-20,42.0,5282.0
212,2020-08-21,40.0,5322.0
213,2020-08-22,60.0,5382.0
214,2020-08-23,32.0,5414.0
215,2020-08-24,5.0,5419.0
216,2020-08-25,4.0,5423.0
217,2020-08-26,51.0,5474.0
218,2020-08-27,22.0,5496.0
219,2020-08-28,27.0,5523.0
220,2020-08-29,5.0,5528.0
221,2020-08-30,8.0,5536.0
222,2020-08-31,30.0,5566.0
223,2020-09-01,10.0,5576.0
224,2020-09-02,3.0,5579.0
225,2020-09-03,14.0,5593.0
226,2020-09-04,15.0,5608.0
227,2020-09-05,3.0,5611.0
228,2020-09-06,3.0,5614.0
229,2020-09-07,7.0,5621.0
230,2020-09-08,9.0,5630.0
231,2020-09-09,23.0,5653.0
232,2020-09-10,2.0,5655.0
233,2020-09-11,14.0,5669.0
234,2020-09-12,9.0,5678.0
235,2020-09-13,12.0,5690.0
236,2020-09-14,7.0,5697.0
237,2020-09-15,4.0,5701.0
238,2020-09-16,3.0,5704.0
239,2020-09-17,7.0,5711.0
240,2020-09-18,5.0,5716.0
241,2020-09-19,2.0,5718.0
242,2020-09-20,13.0,5731.0
243,2020-09-21,2.0,5733.0
244,2020-09-22,6.0,5739.0
245,2020-09-23,7.0,5746.0
246,2020-09-24,1.0,5747.0
247,2020-09-25,17.0,5764.0
248,2020-09-26,2.0,5766.0
249,2020-09-27,2.0,5768.0
250,2020-09-28,2.0,5770.0
251,2020-09-29,2.0,5772.0
252,2020-09-30,1.0,5773.0
253,2020-10-01,6.0,5779.0
254,2020-10-02,4.0,5783.0
255,2020-10-03,0.0,5783.0
256,2020-10-04,3.0,5786.0
257,2020-10-05,8.0,5794.0
258,2020-10-06,2.0,5796.0
259,2020-10-07,7.0,5803.0
260,2020-10-08,6.0,5809.0
261,2020-10-09,4.0,5813.0
262,2020-10-10,8.0,5821.0
263,2020-10-11,0.0,5821.0
264,2020-10-12,3.0,5824.0
265,2020-10-13,3.0,5827.0
266,2020-10-14,2.0,5829.0
267,2020-10-15,7.0,5836.0
268,2020-10-16,6.0,5842.0
269,2020-10-17,10.0,5852.0
270,2020-10-18,5.0,5857.0
271,2020-10-19,3.0,5860.0
272,2020-10-20,1.0,5861.0
273,2020-10-21,3.0,5864.0
274,2020-10-22,10.0,5874.0
275,2020-10-23,11.0,5885.0
276,2020-10-24,2.0,5887.0
277,2020-10-25,3.0,5890.0
278,2020-10-26,4.0,5894.0
279,2020-10-27,3.0,5897.0
280,2020-10-28,7.0,5904.0
281,2020-10-29,12.0,5916.0
282,2020-10-30,7.0,5923.0
283,2020-10-31,7.0,5930.0
284,2020-11-01,2.0,5932.0
285,2020-11-02,1.0,5933.0
286,2020-11-03,1.0,5934.0
287,2020-11-04,0.0,5934.0
288,2020-11-05,6.0,5940.0
289,2020-11-06,2.0,5942.0
290,2020-11-07,6.0,5948.0
291,2020-11-08,3.0,5951.0
292,2020-11-09,2.0,5953.0
293,2020-11-10,0.0,5953.0
294,2020-11-11,2.0,5955.0
295,2020-11-12,3.0,5958.0
296,2020-11-13,4.0,5962.0
297,2020-11-14,2.0,5964.0
298,2020-11-15,1.0,5965.0
299,2020-11-16,6.0,5971.0
300,2020-11-17,0.0,5971.0
301,2020-11-18,28.0,5999.0
302,2020-11-19,3.0,6002.0
303,2020-11-20,1.0,6003.0
304,2020-11-21,0.0,6003.0
305,2020-11-22,0.0,6003.0
306,2020-11-23,6.0,6009.0
307,2020-11-24,8.0,6017.0
308,2020-11-25,1.0,6018.0
309,2020-11-26,2.0,6020.0
310,2020-11-27,4.0,6024.0
311,2020-11-28,1.0,6025.0
312,2020-11-29,0.0,6025.0
313,2020-11-30,3.0,6028.0
314,2020-12-01,0.0,6028.0
315,2020-12-02,12.0,6040.0
316,2020-12-03,3.0,6043.0
317,2020-12-04,4.0,6047.0
318,2020-12-05,2.0,6049.0
319,2020-12-06,2.0,6051.0
320,2020-12-07,0.0,6051.0
321,2020-12-08,0.0,6051.0
322,2020-12-09,0.0,6051.0
323,2020-12-10,0.0,6051.0
324,2020-12-11,4.0,6055.0
325,2020-12-12,8.0,6063.0
326,2020-12-13,3.0,6066.0
327,2020-12-14,4.0,6070.0
328,2020-12-15,10.0,6080.0
329,2020-12-16,11.0,6091.0
330,2020-12-17,47.0,6138.0
331,2020-12-18,10.0,6148.0
332,2020-12-19,5.0,6153.0
333,2020-12-20,8.0,6161.0
334,2020-12-21,41.0,6202.0
335,2020-12-22,46.0,6248.0
336,2020-12-23,13.0,6261.0
337,2020-12-24,16.0,6277.0
338,2020-12-25,62.0,6339.0
339,2020-12-26,4.0,6343.0
340,2020-12-27,11.0,6354.0
341,2020-12-28,23.0,6377.0
342,2020-12-29,11.0,6388.0
343,2020-12-30,83.0,6471.0
344,2020-12-31,112.0,6583.0
345,2021-01-01,101.0,6684.0
346,2021-01-02,28.0,6712.0
347,2021-01-03,132.0,6844.0
348,2021-01-04,91.0,6935.0
349,2021-01-05,175.0,7110.0
350,2021-01-06,227.0,7337.0
351,2021-01-07,274.0,7611.0
352,2021-01-08,314.0,7925.0
353,2021-01-09,381.0,8306.0
354,2021-01-10,269.0,8575.0
355,2021-01-11,452.0,9027.0
356,2021-01-12,0.0,9027.0
357,2021-01-13,373.0,9400.0
358,2021-01-14,591.0,9991.0
359,2021-01-15,1232.0,11223.0
360,2021-01-16,562.0,11785.0
361,2021-01-17,685.0,12470.0
362,2021-01-18,557.0,13027.0
363,2021-01-19,853.0,13880.0
364,2021-01-20,971.0,14851.0
365,2021-01-21,1198.0,16049.0
366,2021-01-22,1316.0,17365.0
367,2021-01-23,1074.0,18439.0
368,2021-01-24,956.0,19395.0
369,2021-01-25,592.0,19987.0
370,2021-01-26,843.0,20830.0
371,2021-01-27,830.0,21660.0
372,2021-01-28,644.0,22304.0
373,2021-01-29,716.0,23020.0
374,2021-01-30,477.0,23497.0
375,2021-01-31,466.0,23963.0
376,2021-02-01,402.0,24365.0
377,2021-02-02,538.0,24903.0
378,2021-02-03,546.0,25449.0
379,2021-02-04,435.0,25884.0
380,2021-02-05,476.0,26360.0
381,2021-02-06,515.0,26875.0
382,2021-02-07,320.0,27195.0
383,2021-02-08,227.0,27422.0
384,2021-02-09,300.0,27722.0
385,2021-02-10,328.0,28050.0
386,2021-02-11,220.0,28270.0
387,2021-02-12,360.0,28630.0
388,2021-02-13,246.0,28876.0
389,2021-02-14,159.0,29035.0
390,2021-02-15,146.0,29181.0
391,2021-02-16,240.0,29421.0
392,2021-02-17,213.0,29634.0
