,dates,cases,cumul
0,2020-01-22,0.0,0.0
1,2020-01-23,0.0,0.0
2,2020-01-24,0.0,0.0
3,2020-01-25,0.0,0.0
4,2020-01-26,0.0,0.0
5,2020-01-27,0.0,0.0
6,2020-01-28,0.0,0.0
7,2020-01-29,0.0,0.0
8,2020-01-30,0.0,0.0
9,2020-01-31,0.0,0.0
10,2020-02-01,0.0,0.0
11,2020-02-02,0.0,0.0
12,2020-02-03,0.0,0.0
13,2020-02-04,0.0,0.0
14,2020-02-05,0.0,0.0
15,2020-02-06,0.0,0.0
16,2020-02-07,0.0,0.0
17,2020-02-08,0.0,0.0
18,2020-02-09,0.0,0.0
19,2020-02-10,0.0,0.0
20,2020-02-11,0.0,0.0
21,2020-02-12,0.0,0.0
22,2020-02-13,0.0,0.0
23,2020-02-14,0.0,0.0
24,2020-02-15,0.0,0.0
25,2020-02-16,0.0,0.0
26,2020-02-17,0.0,0.0
27,2020-02-18,0.0,0.0
28,2020-02-19,0.0,0.0
29,2020-02-20,0.0,0.0
30,2020-02-21,0.0,0.0
31,2020-02-22,0.0,0.0
32,2020-02-23,0.0,0.0
33,2020-02-24,0.0,0.0
34,2020-02-25,0.0,0.0
35,2020-02-26,0.0,0.0
36,2020-02-27,0.0,0.0
37,2020-02-28,0.0,0.0
38,2020-02-29,0.0,0.0
39,2020-03-01,0.0,0.0
40,2020-03-02,2.0,2.0
41,2020-03-03,0.0,2.0
42,2020-03-04,3.0,5.0
43,2020-03-05,3.0,8.0
44,2020-03-06,5.0,13.0
45,2020-03-07,7.0,20.0
46,2020-03-08,10.0,30.0
47,2020-03-09,0.0,30.0
48,2020-03-10,11.0,41.0
49,2020-03-11,18.0,59.0
50,2020-03-12,0.0,59.0
51,2020-03-13,53.0,112.0
52,2020-03-14,57.0,169.0
53,2020-03-15,76.0,245.0
54,2020-03-16,86.0,331.0
55,2020-03-17,117.0,448.0
56,2020-03-18,0.0,448.0
57,2020-03-19,337.0,785.0
58,2020-03-20,235.0,1020.0
59,2020-03-21,260.0,1280.0
60,2020-03-22,320.0,1600.0
61,2020-03-23,460.0,2060.0
62,2020-03-24,302.0,2362.0
63,2020-03-25,633.0,2995.0
64,2020-03-26,549.0,3544.0
65,2020-03-27,724.0,4268.0
66,2020-03-28,902.0,5170.0
67,2020-03-29,792.0,5962.0
68,2020-03-30,446.0,6408.0
69,2020-03-31,1035.0,7443.0
70,2020-04-01,808.0,8251.0
71,2020-04-02,783.0,9034.0
72,2020-04-03,852.0,9886.0
73,2020-04-04,638.0,10524.0
74,2020-04-05,754.0,11278.0
75,2020-04-06,452.0,11730.0
76,2020-04-07,712.0,12442.0
77,2020-04-08,699.0,13141.0
78,2020-04-09,815.0,13956.0
79,2020-04-10,1516.0,15472.0
80,2020-04-11,515.0,15987.0
81,2020-04-12,598.0,16585.0
82,2020-04-13,349.0,16934.0
83,2020-04-14,514.0,17448.0
84,2020-04-15,643.0,18091.0
85,2020-04-16,750.0,18841.0
86,2020-04-17,181.0,19022.0
87,2020-04-18,663.0,19685.0
88,2020-04-19,521.0,20206.0
89,2020-04-20,657.0,20863.0
90,2020-04-21,516.0,21379.0
91,2020-04-22,603.0,21982.0
92,2020-04-23,371.0,22353.0
93,2020-04-24,444.0,22797.0
94,2020-04-25,595.0,23392.0
95,2020-04-26,472.0,23864.0
96,2020-04-27,163.0,24027.0
97,2020-04-28,295.0,24322.0
98,2020-04-29,183.0,24505.0
99,2020-04-30,540.0,25045.0
100,2020-05-01,306.0,25351.0
101,2020-05-02,-161.0,25190.0
102,2020-05-03,92.0,25282.0
103,2020-05-04,242.0,25524.0
104,2020-05-05,178.0,25702.0
105,2020-05-06,480.0,26182.0
106,2020-05-07,533.0,26715.0
107,2020-05-08,553.0,27268.0
108,2020-05-09,138.0,27406.0
109,2020-05-10,175.0,27581.0
110,2020-05-11,98.0,27679.0
111,2020-05-12,234.0,27913.0
112,2020-05-13,219.0,28132.0
113,2020-05-14,187.0,28319.0
114,2020-05-15,264.0,28583.0
115,2020-05-16,227.0,28810.0
116,2020-05-17,226.0,29036.0
117,2020-05-18,173.0,29209.0
118,2020-05-19,223.0,29432.0
119,2020-05-20,228.0,29660.0
120,2020-05-21,252.0,29912.0
121,2020-05-22,288.0,30200.0
122,2020-05-23,271.0,30471.0
123,2020-05-24,152.0,30623.0
124,2020-05-25,165.0,30788.0
125,2020-05-26,219.0,31007.0
126,2020-05-27,285.0,31292.0
127,2020-05-28,304.0,31596.0
128,2020-05-29,350.0,31946.0
129,2020-05-30,257.0,32203.0
130,2020-05-31,297.0,32500.0
131,2020-06-01,200.0,32700.0
132,2020-06-02,195.0,32895.0
133,2020-06-03,366.0,33261.0
134,2020-06-04,331.0,33592.0
135,2020-06-05,377.0,33969.0
136,2020-06-06,382.0,34351.0
137,2020-06-07,342.0,34693.0
138,2020-06-08,192.0,34885.0
139,2020-06-09,421.0,35306.0
140,2020-06-10,294.0,35600.0
141,2020-06-11,310.0,35910.0
142,2020-06-12,270.0,36180.0
143,2020-06-13,283.0,36463.0
144,2020-06-14,227.0,36690.0
145,2020-06-15,346.0,37036.0
146,2020-06-16,300.0,37336.0
147,2020-06-17,336.0,37672.0
148,2020-06-18,417.0,38089.0
149,2020-06-19,375.0,38464.0
150,2020-06-20,377.0,38841.0
151,2020-06-21,292.0,39133.0
152,2020-06-22,259.0,39392.0
153,2020-06-23,345.0,39737.0
154,2020-06-24,367.0,40104.0
155,2020-06-25,311.0,40415.0
156,2020-06-26,451.0,40866.0
157,2020-06-27,323.0,41189.0
158,2020-06-28,457.0,41646.0
159,2020-06-29,266.0,41912.0
160,2020-06-30,229.0,42141.0
161,2020-07-01,313.0,42454.0
162,2020-07-02,328.0,42782.0
163,2020-07-03,374.0,43156.0
164,2020-07-04,413.0,43569.0
165,2020-07-05,328.0,43897.0
166,2020-07-06,232.0,44129.0
167,2020-07-07,287.0,44416.0
168,2020-07-08,443.0,44859.0
169,2020-07-09,418.0,45277.0
170,2020-07-10,402.0,45679.0
171,2020-07-11,542.0,46221.0
172,2020-07-12,291.0,46512.0
173,2020-07-13,306.0,46818.0
174,2020-07-14,233.0,47051.0
175,2020-07-15,375.0,47426.0
176,2020-07-16,339.0,47765.0
177,2020-07-17,312.0,48077.0
178,2020-07-18,313.0,48390.0
179,2020-07-19,246.0,48636.0
180,2020-07-20,135.0,48771.0
181,2020-07-21,127.0,48898.0
182,2020-07-22,252.0,49150.0
183,2020-07-23,229.0,49379.0
184,2020-07-24,313.0,49692.0
185,2020-07-25,263.0,49955.0
186,2020-07-26,209.0,50164.0
187,2020-07-27,135.0,50299.0
188,2020-07-28,111.0,50410.0
189,2020-07-29,203.0,50613.0
190,2020-07-30,255.0,50868.0
191,2020-07-31,204.0,51072.0
192,2020-08-01,238.0,51310.0
193,2020-08-02,153.0,51463.0
194,2020-08-03,106.0,51569.0
195,2020-08-04,112.0,51681.0
196,2020-08-05,167.0,51848.0
197,2020-08-06,213.0,52061.0
198,2020-08-07,290.0,52351.0
199,2020-08-08,186.0,52537.0
200,2020-08-09,131.0,52668.0
201,2020-08-10,157.0,52825.0
202,2020-08-11,120.0,52945.0
203,2020-08-12,278.0,53223.0
204,2020-08-13,325.0,53548.0
205,2020-08-14,235.0,53783.0
206,2020-08-15,198.0,53981.0
207,2020-08-16,121.0,54102.0
208,2020-08-17,132.0,54234.0
209,2020-08-18,214.0,54448.0
210,2020-08-19,253.0,54701.0
211,2020-08-20,291.0,54992.0
212,2020-08-21,219.0,55211.0
213,2020-08-22,241.0,55452.0
214,2020-08-23,145.0,55597.0
215,2020-08-24,123.0,55720.0
216,2020-08-25,192.0,55912.0
217,2020-08-26,362.0,56274.0
218,2020-08-27,399.0,56673.0
219,2020-08-28,401.0,57074.0
220,2020-08-29,374.0,57448.0
221,2020-08-30,320.0,57768.0
222,2020-08-31,244.0,58012.0
223,2020-09-01,231.0,58243.0
224,2020-09-02,390.0,58633.0
225,2020-09-03,418.0,59051.0
226,2020-09-04,406.0,59457.0
227,2020-09-05,486.0,59943.0
228,2020-09-06,315.0,60258.0
229,2020-09-07,249.0,60507.0
230,2020-09-08,388.0,60895.0
231,2020-09-09,646.0,61541.0
232,2020-09-10,585.0,62126.0
233,2020-09-11,687.0,62813.0
234,2020-09-12,497.0,63310.0
235,2020-09-13,673.0,63983.0
236,2020-09-14,613.0,64596.0
237,2020-09-15,425.0,65021.0
238,2020-09-16,605.0,65626.0
239,2020-09-17,770.0,66396.0
240,2020-09-18,780.0,67176.0
241,2020-09-19,849.0,68025.0
242,2020-09-20,552.0,68577.0
243,2020-09-21,623.0,69200.0
244,2020-09-22,463.0,69663.0
245,2020-09-23,802.0,70465.0
246,2020-09-24,691.0,71156.0
247,2020-09-25,899.0,72055.0
248,2020-09-26,884.0,72939.0
249,2020-09-27,665.0,73604.0
250,2020-09-28,425.0,74029.0
251,2020-09-29,688.0,74717.0
252,2020-09-30,825.0,75542.0
253,2020-10-01,854.0,76396.0
254,2020-10-02,888.0,77284.0
255,2020-10-03,963.0,78247.0
256,2020-10-04,904.0,79151.0
257,2020-10-05,734.0,79885.0
258,2020-10-06,427.0,80312.0
259,2020-10-07,944.0,81256.0
260,2020-10-08,1278.0,82534.0
261,2020-10-09,1394.0,83928.0
262,2020-10-10,1646.0,85574.0
263,2020-10-11,1090.0,86664.0
264,2020-10-12,1249.0,87913.0
265,2020-10-13,1208.0,89121.0
266,2020-10-14,2072.0,91193.0
267,2020-10-15,2101.0,93294.0
268,2020-10-16,2608.0,95902.0
269,2020-10-17,2153.0,98055.0
270,2020-10-18,1856.0,99911.0
271,2020-10-19,1949.0,101860.0
272,2020-10-20,1876.0,103736.0
273,2020-10-21,2535.0,106271.0
274,2020-10-22,3270.0,109541.0
275,2020-10-23,2899.0,112440.0
276,2020-10-24,3669.0,116109.0
277,2020-10-25,2577.0,118686.0
278,2020-10-26,2447.0,121133.0
279,2020-10-27,3299.0,124432.0
280,2020-10-28,3960.0,128392.0
281,2020-10-29,4224.0,132616.0
282,2020-10-30,4656.0,137272.0
283,2020-10-31,4007.0,141279.0
284,2020-11-01,3062.0,144341.0
285,2020-11-02,2506.0,146847.0
286,2020-11-03,2596.0,149443.0
287,2020-11-04,7497.0,156940.0
288,2020-11-05,4410.0,161350.0
289,2020-11-06,5550.0,166900.0
290,2020-11-07,6640.0,173540.0
291,2020-11-08,5784.0,179324.0
292,2020-11-09,4096.0,183420.0
293,2020-11-10,3817.0,187237.0
294,2020-11-11,4935.0,192172.0
295,2020-11-12,5839.0,198011.0
296,2020-11-13,6653.0,204664.0
297,2020-11-14,6602.0,211266.0
298,2020-11-15,6035.0,217301.0
299,2020-11-16,8371.0,225672.0
300,2020-11-17,4452.0,230124.0
301,2020-11-18,5891.0,236015.0
302,2020-11-19,6994.0,243009.0
303,2020-11-20,6489.0,249498.0
304,2020-11-21,6472.0,255970.0
305,2020-11-22,4788.0,260758.0
306,2020-11-23,4044.0,264802.0
307,2020-11-24,3919.0,268721.0
308,2020-11-25,5290.0,274011.0
309,2020-11-26,6383.0,280394.0
310,2020-11-27,5444.0,285838.0
311,2020-11-28,4868.0,290706.0
312,2020-11-29,4093.0,294799.0
313,2020-11-30,3262.0,298061.0
314,2020-12-01,2401.0,300462.0
315,2020-12-02,3384.0,303846.0
316,2020-12-03,3772.0,307618.0
317,2020-12-04,4935.0,312553.0
318,2020-12-05,6087.0,318640.0
319,2020-12-06,3834.0,322474.0
320,2020-12-07,2597.0,325071.0
321,2020-12-08,2905.0,327976.0
322,2020-12-09,4097.0,332073.0
323,2020-12-10,3134.0,335207.0
324,2020-12-11,5080.0,340287.0
325,2020-12-12,4413.0,344700.0
326,2020-12-13,4044.0,348744.0
327,2020-12-14,2194.0,350938.0
328,2020-12-15,2638.0,353576.0
329,2020-12-16,4720.0,358296.0
330,2020-12-17,4320.0,362616.0
331,2020-12-18,4336.0,366952.0
332,2020-12-19,3835.0,370787.0
333,2020-12-20,3334.0,374121.0
334,2020-12-21,2099.0,376220.0
335,2020-12-22,2436.0,378656.0
336,2020-12-23,4602.0,383258.0
337,2020-12-24,4378.0,387636.0
338,2020-12-25,4146.0,391782.0
339,2020-12-26,1214.0,392996.0
340,2020-12-27,1577.0,394573.0
341,2020-12-28,2093.0,396666.0
342,2020-12-29,3336.0,400002.0
343,2020-12-30,6049.0,406051.0
344,2020-12-31,7627.0,413678.0
345,2021-01-01,6951.0,420629.0
346,2021-01-02,3241.0,423870.0
347,2021-01-03,3384.0,427254.0
348,2021-01-04,4369.0,431623.0
349,2021-01-05,4956.0,436579.0
350,2021-01-06,10027.0,446606.0
351,2021-01-07,9927.0,456533.0
352,2021-01-08,10176.0,466709.0
353,2021-01-09,9478.0,476187.0
354,2021-01-10,7502.0,483689.0
355,2021-01-11,5604.0,489293.0
356,2021-01-12,7259.0,496552.0
357,2021-01-13,10556.0,507108.0
358,2021-01-14,10698.0,517806.0
359,2021-01-15,10663.0,528469.0
360,2021-01-16,10947.0,539416.0
361,2021-01-17,10385.0,549801.0
362,2021-01-18,6702.0,556503.0
363,2021-01-19,10455.0,566958.0
364,2021-01-20,14647.0,581605.0
365,2021-01-21,13544.0,595149.0
366,2021-01-22,13987.0,609136.0
367,2021-01-23,15333.0,624469.0
368,2021-01-24,11721.0,636190.0
369,2021-01-25,6923.0,643113.0
370,2021-01-26,10765.0,653878.0
371,2021-01-27,15073.0,668951.0
372,2021-01-28,16432.0,685383.0
373,2021-01-29,13200.0,698583.0
374,2021-01-30,12435.0,711018.0
375,2021-01-31,9498.0,720516.0
376,2021-02-01,5805.0,726321.0
377,2021-02-02,5540.0,731861.0
378,2021-02-03,9083.0,740944.0
379,2021-02-04,7914.0,748858.0
380,2021-02-05,6916.0,755774.0
381,2021-02-06,6132.0,761906.0
382,2021-02-07,3508.0,765414.0
383,2021-02-08,2505.0,767919.0
384,2021-02-09,2583.0,770502.0
385,2021-02-10,4387.0,774889.0
386,2021-02-11,3480.0,778369.0
387,2021-02-12,2854.0,781223.0
388,2021-02-13,2856.0,784079.0
389,2021-02-14,1677.0,785756.0
390,2021-02-15,1303.0,787059.0
391,2021-02-16,1502.0,788561.0
392,2021-02-17,2324.0,790885.0
