,dates,cases,cumul
0,2020-01-22,0.0,0.0
1,2020-01-23,1.0,1.0
2,2020-01-24,2.0,3.0
3,2020-01-25,0.0,3.0
4,2020-01-26,1.0,4.0
5,2020-01-27,1.0,5.0
6,2020-01-28,2.0,7.0
7,2020-01-29,0.0,7.0
8,2020-01-30,3.0,10.0
9,2020-01-31,3.0,13.0
10,2020-02-01,3.0,16.0
11,2020-02-02,2.0,18.0
12,2020-02-03,0.0,18.0
13,2020-02-04,6.0,24.0
14,2020-02-05,4.0,28.0
15,2020-02-06,0.0,28.0
16,2020-02-07,2.0,30.0
17,2020-02-08,3.0,33.0
18,2020-02-09,7.0,40.0
19,2020-02-10,5.0,45.0
20,2020-02-11,2.0,47.0
21,2020-02-12,3.0,50.0
22,2020-02-13,8.0,58.0
23,2020-02-14,9.0,67.0
24,2020-02-15,5.0,72.0
25,2020-02-16,3.0,75.0
26,2020-02-17,2.0,77.0
27,2020-02-18,4.0,81.0
28,2020-02-19,3.0,84.0
29,2020-02-20,0.0,84.0
30,2020-02-21,1.0,85.0
31,2020-02-22,0.0,85.0
32,2020-02-23,4.0,89.0
33,2020-02-24,0.0,89.0
34,2020-02-25,2.0,91.0
35,2020-02-26,2.0,93.0
36,2020-02-27,0.0,93.0
37,2020-02-28,0.0,93.0
38,2020-02-29,9.0,102.0
39,2020-03-01,4.0,106.0
40,2020-03-02,2.0,108.0
41,2020-03-03,2.0,110.0
42,2020-03-04,0.0,110.0
43,2020-03-05,7.0,117.0
44,2020-03-06,13.0,130.0
45,2020-03-07,8.0,138.0
46,2020-03-08,12.0,150.0
47,2020-03-09,0.0,150.0
48,2020-03-10,10.0,160.0
49,2020-03-11,18.0,178.0
50,2020-03-12,0.0,178.0
51,2020-03-13,22.0,200.0
52,2020-03-14,12.0,212.0
53,2020-03-15,14.0,226.0
54,2020-03-16,17.0,243.0
55,2020-03-17,23.0,266.0
56,2020-03-18,47.0,313.0
57,2020-03-19,32.0,345.0
58,2020-03-20,40.0,385.0
59,2020-03-21,47.0,432.0
60,2020-03-22,23.0,455.0
61,2020-03-23,54.0,509.0
62,2020-03-24,49.0,558.0
63,2020-03-25,73.0,631.0
64,2020-03-26,52.0,683.0
65,2020-03-27,49.0,732.0
66,2020-03-28,70.0,802.0
67,2020-03-29,42.0,844.0
68,2020-03-30,35.0,879.0
69,2020-03-31,47.0,926.0
70,2020-04-01,74.0,1000.0
71,2020-04-02,49.0,1049.0
72,2020-04-03,65.0,1114.0
73,2020-04-04,75.0,1189.0
74,2020-04-05,120.0,1309.0
75,2020-04-06,66.0,1375.0
76,2020-04-07,106.0,1481.0
77,2020-04-08,142.0,1623.0
78,2020-04-09,287.0,1910.0
79,2020-04-10,198.0,2108.0
80,2020-04-11,191.0,2299.0
81,2020-04-12,233.0,2532.0
82,2020-04-13,386.0,2918.0
83,2020-04-14,334.0,3252.0
84,2020-04-15,447.0,3699.0
85,2020-04-16,728.0,4427.0
86,2020-04-17,623.0,5050.0
87,2020-04-18,942.0,5992.0
88,2020-04-19,596.0,6588.0
89,2020-04-20,1426.0,8014.0
90,2020-04-21,1111.0,9125.0
91,2020-04-22,1016.0,10141.0
92,2020-04-23,1037.0,11178.0
93,2020-04-24,897.0,12075.0
94,2020-04-25,618.0,12693.0
95,2020-04-26,931.0,13624.0
96,2020-04-27,799.0,14423.0
97,2020-04-28,528.0,14951.0
98,2020-04-29,690.0,15641.0
99,2020-04-30,528.0,16169.0
100,2020-05-01,932.0,17101.0
101,2020-05-02,447.0,17548.0
102,2020-05-03,657.0,18205.0
103,2020-05-04,573.0,18778.0
104,2020-05-05,632.0,19410.0
105,2020-05-06,788.0,20198.0
106,2020-05-07,741.0,20939.0
107,2020-05-08,768.0,21707.0
108,2020-05-09,753.0,22460.0
109,2020-05-10,876.0,23336.0
110,2020-05-11,486.0,23822.0
111,2020-05-12,849.0,24671.0
112,2020-05-13,675.0,25346.0
113,2020-05-14,752.0,26098.0
114,2020-05-15,793.0,26891.0
115,2020-05-16,465.0,27356.0
116,2020-05-17,682.0,28038.0
117,2020-05-18,305.0,28343.0
118,2020-05-19,451.0,28794.0
119,2020-05-20,570.0,29364.0
120,2020-05-21,448.0,29812.0
121,2020-05-22,614.0,30426.0
122,2020-05-23,642.0,31068.0
123,2020-05-24,548.0,31616.0
124,2020-05-25,344.0,31960.0
125,2020-05-26,383.0,32343.0
126,2020-05-27,533.0,32876.0
127,2020-05-28,373.0,33249.0
128,2020-05-29,611.0,33860.0
129,2020-05-30,506.0,34366.0
130,2020-05-31,518.0,34884.0
131,2020-06-01,408.0,35292.0
132,2020-06-02,544.0,35836.0
133,2020-06-03,569.0,36405.0
134,2020-06-04,517.0,36922.0
135,2020-06-05,261.0,37183.0
136,2020-06-06,344.0,37527.0
137,2020-06-07,383.0,37910.0
138,2020-06-08,386.0,38296.0
139,2020-06-09,218.0,38514.0
140,2020-06-10,451.0,38965.0
141,2020-06-11,422.0,39387.0
142,2020-06-12,463.0,39850.0
143,2020-06-13,347.0,40197.0
144,2020-06-14,407.0,40604.0
145,2020-06-15,214.0,40818.0
146,2020-06-16,151.0,40969.0
147,2020-06-17,247.0,41216.0
148,2020-06-18,257.0,41473.0
149,2020-06-19,142.0,41615.0
150,2020-06-20,218.0,41833.0
151,2020-06-21,262.0,42095.0
152,2020-06-22,218.0,42313.0
153,2020-06-23,119.0,42432.0
154,2020-06-24,191.0,42623.0
155,2020-06-25,113.0,42736.0
156,2020-06-26,219.0,42955.0
157,2020-06-27,291.0,43246.0
158,2020-06-28,213.0,43459.0
159,2020-06-29,202.0,43661.0
160,2020-06-30,246.0,43907.0
161,2020-07-01,215.0,44122.0
162,2020-07-02,188.0,44310.0
163,2020-07-03,169.0,44479.0
164,2020-07-04,185.0,44664.0
165,2020-07-05,136.0,44800.0
166,2020-07-06,183.0,44983.0
167,2020-07-07,157.0,45140.0
168,2020-07-08,158.0,45298.0
169,2020-07-09,125.0,45423.0
170,2020-07-10,191.0,45614.0
171,2020-07-11,169.0,45783.0
172,2020-07-12,178.0,45961.0
173,2020-07-13,322.0,46283.0
174,2020-07-14,347.0,46630.0
175,2020-07-15,248.0,46878.0
176,2020-07-16,248.0,47126.0
177,2020-07-17,327.0,47453.0
178,2020-07-18,202.0,47655.0
179,2020-07-19,257.0,47912.0
180,2020-07-20,123.0,48035.0
181,2020-07-21,399.0,48434.0
182,2020-07-22,310.0,48744.0
183,2020-07-23,354.0,49098.0
184,2020-07-24,277.0,49375.0
185,2020-07-25,513.0,49888.0
186,2020-07-26,481.0,50369.0
187,2020-07-27,469.0,50838.0
188,2020-07-28,359.0,51197.0
189,2020-07-29,334.0,51531.0
190,2020-07-30,278.0,51809.0
191,2020-07-31,396.0,52205.0
192,2020-08-01,307.0,52512.0
193,2020-08-02,313.0,52825.0
194,2020-08-03,226.0,53051.0
195,2020-08-04,295.0,53346.0
196,2020-08-05,908.0,54254.0
197,2020-08-06,301.0,54555.0
198,2020-08-07,242.0,54797.0
199,2020-08-08,132.0,54929.0
200,2020-08-09,175.0,55104.0
201,2020-08-10,188.0,55292.0
202,2020-08-11,61.0,55353.0
203,2020-08-12,42.0,55395.0
204,2020-08-13,102.0,55497.0
205,2020-08-14,83.0,55580.0
206,2020-08-15,81.0,55661.0
207,2020-08-16,86.0,55747.0
208,2020-08-17,91.0,55838.0
209,2020-08-18,100.0,55938.0
210,2020-08-19,93.0,56031.0
211,2020-08-20,68.0,56099.0
212,2020-08-21,117.0,56216.0
213,2020-08-22,50.0,56266.0
214,2020-08-23,87.0,56353.0
215,2020-08-24,51.0,56404.0
216,2020-08-25,31.0,56435.0
217,2020-08-26,60.0,56495.0
218,2020-08-27,77.0,56572.0
219,2020-08-28,94.0,56666.0
220,2020-08-29,51.0,56717.0
221,2020-08-30,54.0,56771.0
222,2020-08-31,41.0,56812.0
223,2020-09-01,40.0,56852.0
224,2020-09-02,8.0,56860.0
225,2020-09-03,48.0,56908.0
226,2020-09-04,40.0,56948.0
227,2020-09-05,34.0,56982.0
228,2020-09-06,40.0,57022.0
229,2020-09-07,22.0,57044.0
230,2020-09-08,47.0,57091.0
231,2020-09-09,75.0,57166.0
232,2020-09-10,63.0,57229.0
233,2020-09-11,86.0,57315.0
234,2020-09-12,42.0,57357.0
235,2020-09-13,49.0,57406.0
236,2020-09-14,48.0,57454.0
237,2020-09-15,34.0,57488.0
238,2020-09-16,26.0,57514.0
239,2020-09-17,18.0,57532.0
240,2020-09-18,11.0,57543.0
241,2020-09-19,15.0,57558.0
242,2020-09-20,18.0,57576.0
243,2020-09-21,30.0,57606.0
244,2020-09-22,21.0,57627.0
245,2020-09-23,12.0,57639.0
246,2020-09-24,15.0,57654.0
247,2020-09-25,11.0,57665.0
248,2020-09-26,20.0,57685.0
249,2020-09-27,15.0,57700.0
250,2020-09-28,15.0,57715.0
251,2020-09-29,27.0,57742.0
252,2020-09-30,23.0,57765.0
253,2020-10-01,19.0,57784.0
254,2020-10-02,10.0,57794.0
255,2020-10-03,6.0,57800.0
256,2020-10-04,12.0,57812.0
257,2020-10-05,7.0,57819.0
258,2020-10-06,11.0,57830.0
259,2020-10-07,10.0,57840.0
260,2020-10-08,9.0,57849.0
261,2020-10-09,10.0,57859.0
262,2020-10-10,7.0,57866.0
263,2020-10-11,10.0,57876.0
264,2020-10-12,4.0,57880.0
265,2020-10-13,4.0,57884.0
266,2020-10-14,5.0,57889.0
267,2020-10-15,3.0,57892.0
268,2020-10-16,9.0,57901.0
269,2020-10-17,3.0,57904.0
270,2020-10-18,7.0,57911.0
271,2020-10-19,4.0,57915.0
272,2020-10-20,6.0,57921.0
273,2020-10-21,12.0,57933.0
274,2020-10-22,8.0,57941.0
275,2020-10-23,10.0,57951.0
276,2020-10-24,14.0,57965.0
277,2020-10-25,5.0,57970.0
278,2020-10-26,3.0,57973.0
279,2020-10-27,7.0,57980.0
280,2020-10-28,7.0,57987.0
281,2020-10-29,7.0,57994.0
282,2020-10-30,9.0,58003.0
283,2020-10-31,12.0,58015.0
284,2020-11-01,4.0,58019.0
285,2020-11-02,1.0,58020.0
286,2020-11-03,9.0,58029.0
287,2020-11-04,7.0,58036.0
288,2020-11-05,7.0,58043.0
289,2020-11-06,4.0,58047.0
290,2020-11-07,7.0,58054.0
291,2020-11-08,2.0,58056.0
292,2020-11-09,8.0,58064.0
293,2020-11-10,9.0,58073.0
294,2020-11-11,18.0,58091.0
295,2020-11-12,11.0,58102.0
296,2020-11-13,12.0,58114.0
297,2020-11-14,2.0,58116.0
298,2020-11-15,3.0,58119.0
299,2020-11-16,5.0,58124.0
300,2020-11-17,6.0,58130.0
301,2020-11-18,5.0,58135.0
302,2020-11-19,4.0,58139.0
303,2020-11-20,4.0,58143.0
304,2020-11-21,5.0,58148.0
305,2020-11-22,12.0,58160.0
306,2020-11-23,5.0,58165.0
307,2020-11-24,18.0,58183.0
308,2020-11-25,7.0,58190.0
309,2020-11-26,5.0,58195.0
310,2020-11-27,4.0,58199.0
311,2020-11-28,6.0,58205.0
312,2020-11-29,8.0,58213.0
313,2020-11-30,5.0,58218.0
314,2020-12-01,10.0,58228.0
315,2020-12-02,2.0,58230.0
316,2020-12-03,9.0,58239.0
317,2020-12-04,3.0,58242.0
318,2020-12-05,13.0,58255.0
319,2020-12-06,5.0,58260.0
320,2020-12-07,13.0,58273.0
321,2020-12-08,12.0,58285.0
322,2020-12-09,6.0,58291.0
323,2020-12-10,6.0,58297.0
324,2020-12-11,8.0,58305.0
325,2020-12-12,8.0,58313.0
326,2020-12-13,7.0,58320.0
327,2020-12-14,5.0,58325.0
328,2020-12-15,16.0,58341.0
329,2020-12-16,12.0,58353.0
330,2020-12-17,24.0,58377.0
331,2020-12-18,9.0,58386.0
332,2020-12-19,17.0,58403.0
333,2020-12-20,19.0,58422.0
334,2020-12-21,10.0,58432.0
335,2020-12-22,29.0,58461.0
336,2020-12-23,21.0,58482.0
337,2020-12-24,13.0,58495.0
338,2020-12-25,14.0,58509.0
339,2020-12-26,10.0,58519.0
340,2020-12-27,5.0,58524.0
341,2020-12-28,5.0,58529.0
342,2020-12-29,13.0,58542.0
343,2020-12-30,27.0,58569.0
344,2020-12-31,30.0,58599.0
345,2021-01-01,30.0,58629.0
346,2021-01-02,33.0,58662.0
347,2021-01-03,35.0,58697.0
348,2021-01-04,24.0,58721.0
349,2021-01-05,28.0,58749.0
350,2021-01-06,31.0,58780.0
351,2021-01-07,33.0,58813.0
352,2021-01-08,23.0,58836.0
353,2021-01-09,29.0,58865.0
354,2021-01-10,42.0,58907.0
355,2021-01-11,22.0,58929.0
356,2021-01-12,17.0,58946.0
357,2021-01-13,38.0,58984.0
358,2021-01-14,45.0,59029.0
359,2021-01-15,30.0,59059.0
360,2021-01-16,24.0,59083.0
361,2021-01-17,30.0,59113.0
362,2021-01-18,14.0,59127.0
363,2021-01-19,30.0,59157.0
364,2021-01-20,40.0,59197.0
365,2021-01-21,38.0,59235.0
366,2021-01-22,15.0,59250.0
367,2021-01-23,10.0,59260.0
368,2021-01-24,48.0,59308.0
369,2021-01-25,44.0,59352.0
370,2021-01-26,14.0,59366.0
371,2021-01-27,25.0,59391.0
372,2021-01-28,34.0,59425.0
373,2021-01-29,24.0,59449.0
374,2021-01-30,58.0,59507.0
375,2021-01-31,29.0,59536.0
376,2021-02-01,29.0,59565.0
377,2021-02-02,19.0,59584.0
378,2021-02-03,18.0,59602.0
379,2021-02-04,22.0,59624.0
380,2021-02-05,25.0,59649.0
381,2021-02-06,26.0,59675.0
382,2021-02-07,24.0,59699.0
383,2021-02-08,22.0,59721.0
384,2021-02-09,11.0,59732.0
385,2021-02-10,15.0,59747.0
386,2021-02-11,12.0,59759.0
387,2021-02-12,18.0,59777.0
388,2021-02-13,9.0,59786.0
389,2021-02-14,14.0,59800.0
390,2021-02-15,9.0,59809.0
391,2021-02-16,1.0,59810.0
392,2021-02-17,11.0,59821.0
