,dates,cases,cumul
0,2020-01-22,0.0,0.0
1,2020-01-23,0.0,0.0
2,2020-01-24,0.0,0.0
3,2020-01-25,0.0,0.0
4,2020-01-26,0.0,0.0
5,2020-01-27,0.0,0.0
6,2020-01-28,0.0,0.0
7,2020-01-29,0.0,0.0
8,2020-01-30,0.0,0.0
9,2020-01-31,0.0,0.0
10,2020-02-01,0.0,0.0
11,2020-02-02,0.0,0.0
12,2020-02-03,0.0,0.0
13,2020-02-04,0.0,0.0
14,2020-02-05,0.0,0.0
15,2020-02-06,0.0,0.0
16,2020-02-07,0.0,0.0
17,2020-02-08,0.0,0.0
18,2020-02-09,0.0,0.0
19,2020-02-10,0.0,0.0
20,2020-02-11,0.0,0.0
21,2020-02-12,0.0,0.0
22,2020-02-13,0.0,0.0
23,2020-02-14,0.0,0.0
24,2020-02-15,0.0,0.0
25,2020-02-16,0.0,0.0
26,2020-02-17,0.0,0.0
27,2020-02-18,0.0,0.0
28,2020-02-19,0.0,0.0
29,2020-02-20,0.0,0.0
30,2020-02-21,0.0,0.0
31,2020-02-22,0.0,0.0
32,2020-02-23,0.0,0.0
33,2020-02-24,0.0,0.0
34,2020-02-25,0.0,0.0
35,2020-02-26,0.0,0.0
36,2020-02-27,0.0,0.0
37,2020-02-28,0.0,0.0
38,2020-02-29,0.0,0.0
39,2020-03-01,0.0,0.0
40,2020-03-02,0.0,0.0
41,2020-03-03,0.0,0.0
42,2020-03-04,0.0,0.0
43,2020-03-05,1.0,1.0
44,2020-03-06,0.0,1.0
45,2020-03-07,0.0,1.0
46,2020-03-08,2.0,3.0
47,2020-03-09,0.0,3.0
48,2020-03-10,4.0,7.0
49,2020-03-11,6.0,13.0
50,2020-03-12,4.0,17.0
51,2020-03-13,7.0,24.0
52,2020-03-14,14.0,38.0
53,2020-03-15,13.0,51.0
54,2020-03-16,11.0,62.0
55,2020-03-17,0.0,62.0
56,2020-03-18,54.0,116.0
57,2020-03-19,34.0,150.0
58,2020-03-20,52.0,202.0
59,2020-03-21,38.0,240.0
60,2020-03-22,34.0,274.0
61,2020-03-23,128.0,402.0
62,2020-03-24,152.0,554.0
63,2020-03-25,155.0,709.0
64,2020-03-26,218.0,927.0
65,2020-03-27,243.0,1170.0
66,2020-03-28,17.0,1187.0
67,2020-03-29,93.0,1280.0
68,2020-03-30,46.0,1326.0
69,2020-03-31,27.0,1353.0
70,2020-04-01,27.0,1380.0
71,2020-04-02,82.0,1462.0
72,2020-04-03,43.0,1505.0
73,2020-04-04,80.0,1585.0
74,2020-04-05,70.0,1655.0
75,2020-04-06,31.0,1686.0
76,2020-04-07,63.0,1749.0
77,2020-04-08,96.0,1845.0
78,2020-04-09,89.0,1934.0
79,2020-04-10,69.0,2003.0
80,2020-04-11,25.0,2028.0
81,2020-04-12,145.0,2173.0
82,2020-04-13,99.0,2272.0
83,2020-04-14,143.0,2415.0
84,2020-04-15,91.0,2506.0
85,2020-04-16,99.0,2605.0
86,2020-04-17,178.0,2783.0
87,2020-04-18,251.0,3034.0
88,2020-04-19,124.0,3158.0
89,2020-04-20,142.0,3300.0
90,2020-04-21,165.0,3465.0
91,2020-04-22,170.0,3635.0
92,2020-04-23,318.0,3953.0
93,2020-04-24,267.0,4220.0
94,2020-04-25,141.0,4361.0
95,2020-04-26,185.0,4546.0
96,2020-04-27,247.0,4793.0
97,2020-04-28,203.0,4996.0
98,2020-04-29,354.0,5350.0
99,2020-04-30,297.0,5647.0
100,2020-05-01,304.0,5951.0
101,2020-05-02,385.0,6336.0
102,2020-05-03,447.0,6783.0
103,2020-05-04,437.0,7220.0
104,2020-05-05,352.0,7572.0
105,2020-05-06,236.0,7808.0
106,2020-05-07,424.0,8232.0
107,2020-05-08,663.0,8895.0
108,2020-05-09,525.0,9420.0
109,2020-05-10,595.0,10015.0
110,2020-05-11,637.0,10652.0
111,2020-05-12,698.0,11350.0
112,2020-05-13,724.0,12074.0
113,2020-05-14,665.0,12739.0
114,2020-05-15,785.0,13524.0
115,2020-05-16,831.0,14355.0
116,2020-05-17,1160.0,15515.0
117,2020-05-18,918.0,16433.0
118,2020-05-19,767.0,17200.0
119,2020-05-20,803.0,18003.0
120,2020-05-21,1134.0,19137.0
121,2020-05-22,988.0,20125.0
122,2020-05-23,1218.0,21343.0
123,2020-05-24,1240.0,22583.0
124,2020-05-25,1032.0,23615.0
125,2020-05-26,649.0,24264.0
126,2020-05-27,1673.0,25937.0
127,2020-05-28,1466.0,27403.0
128,2020-05-29,1837.0,29240.0
129,2020-05-30,1727.0,30967.0
130,2020-05-31,1716.0,32683.0
131,2020-06-01,1674.0,34357.0
132,2020-06-02,1455.0,35812.0
133,2020-06-03,1713.0,37525.0
134,2020-06-04,3267.0,40792.0
135,2020-06-05,2642.0,43434.0
136,2020-06-06,2539.0,45973.0
137,2020-06-07,2312.0,48285.0
138,2020-06-08,2594.0,50879.0
139,2020-06-09,2112.0,52991.0
140,2020-06-10,2430.0,55421.0
141,2020-06-11,3147.0,58568.0
142,2020-06-12,3359.0,61927.0
143,2020-06-13,3809.0,65736.0
144,2020-06-14,4302.0,70038.0
145,2020-06-15,3495.0,73533.0
146,2020-06-16,2801.0,76334.0
147,2020-06-17,4078.0,80412.0
148,2020-06-18,3478.0,83890.0
149,2020-06-19,3825.0,87715.0
150,2020-06-20,4966.0,92681.0
151,2020-06-21,4621.0,97302.0
152,2020-06-22,4288.0,101590.0
153,2020-06-23,4518.0,106108.0
154,2020-06-24,5688.0,111796.0
155,2020-06-25,6579.0,118375.0
156,2020-06-26,6215.0,124590.0
157,2020-06-27,7210.0,131800.0
158,2020-06-28,6334.0,138134.0
159,2020-06-29,6130.0,144264.0
160,2020-06-30,6945.0,151209.0
161,2020-07-01,8124.0,159333.0
162,2020-07-02,8728.0,168061.0
163,2020-07-03,9063.0,177124.0
164,2020-07-04,10853.0,187977.0
165,2020-07-05,8773.0,196750.0
166,2020-07-06,8971.0,205721.0
167,2020-07-07,10134.0,215855.0
168,2020-07-08,8810.0,224665.0
169,2020-07-09,13674.0,238339.0
170,2020-07-10,12348.0,250687.0
171,2020-07-11,13497.0,264184.0
172,2020-07-12,12058.0,276242.0
173,2020-07-13,11554.0,287796.0
174,2020-07-14,10496.0,298292.0
175,2020-07-15,12757.0,311049.0
176,2020-07-16,13172.0,324221.0
177,2020-07-17,13373.0,337594.0
178,2020-07-18,13285.0,350879.0
179,2020-07-19,13449.0,364328.0
180,2020-07-20,9300.0,373628.0
181,2020-07-21,8170.0,381798.0
182,2020-07-22,13150.0,394948.0
183,2020-07-23,13104.0,408052.0
184,2020-07-24,13944.0,421996.0
185,2020-07-25,12204.0,434200.0
186,2020-07-26,11233.0,445433.0
187,2020-07-27,7096.0,452529.0
188,2020-07-28,7232.0,459761.0
189,2020-07-29,11362.0,471123.0
190,2020-07-30,11046.0,482169.0
191,2020-07-31,11014.0,493183.0
192,2020-08-01,10107.0,503290.0
193,2020-08-02,8195.0,511485.0
194,2020-08-03,5377.0,516862.0
195,2020-08-04,4456.0,521318.0
196,2020-08-05,8559.0,529877.0
197,2020-08-06,8307.0,538184.0
198,2020-08-07,7292.0,545476.0
199,2020-08-08,7712.0,553188.0
200,2020-08-09,6671.0,559859.0
201,2020-08-10,3739.0,563598.0
202,2020-08-11,2511.0,566109.0
203,2020-08-12,2810.0,568919.0
204,2020-08-13,3946.0,572865.0
205,2020-08-14,6275.0,579140.0
206,2020-08-15,4513.0,583653.0
207,2020-08-16,3692.0,587345.0
208,2020-08-17,2541.0,589886.0
209,2020-08-18,2258.0,592144.0
210,2020-08-19,3916.0,596060.0
211,2020-08-20,3880.0,599940.0
212,2020-08-21,3398.0,603338.0
213,2020-08-22,3707.0,607045.0
214,2020-08-23,2728.0,609773.0
215,2020-08-24,1677.0,611450.0
216,2020-08-25,1567.0,613017.0
217,2020-08-26,2684.0,615701.0
218,2020-08-27,2585.0,618286.0
219,2020-08-28,1846.0,620132.0
220,2020-08-29,2419.0,622551.0
221,2020-08-30,2505.0,625056.0
222,2020-08-31,1985.0,627041.0
223,2020-09-01,1218.0,628259.0
224,2020-09-02,2336.0,630595.0
225,2020-09-03,2420.0,633015.0
226,2020-09-04,2063.0,635078.0
227,2020-09-05,1806.0,636884.0
228,2020-09-06,1633.0,638517.0
229,2020-09-07,845.0,639362.0
230,2020-09-08,1079.0,640441.0
231,2020-09-09,1990.0,642431.0
232,2020-09-10,2007.0,644438.0
233,2020-09-11,1960.0,646398.0
234,2020-09-12,1816.0,648214.0
235,2020-09-13,1579.0,649793.0
236,2020-09-14,956.0,650749.0
237,2020-09-15,772.0,651521.0
238,2020-09-16,1923.0,653444.0
239,2020-09-17,2128.0,655572.0
240,2020-09-18,2055.0,657627.0
241,2020-09-19,2029.0,659656.0
242,2020-09-20,1555.0,661211.0
243,2020-09-21,725.0,661936.0
244,2020-09-22,1346.0,663282.0
245,2020-09-23,1906.0,665188.0
246,2020-09-24,1861.0,667049.0
247,2020-09-25,1480.0,668529.0
248,2020-09-26,969.0,669498.0
249,2020-09-27,1268.0,670766.0
250,2020-09-28,903.0,671669.0
251,2020-09-29,903.0,672572.0
252,2020-09-30,1767.0,674339.0
253,2020-10-01,1745.0,676084.0
254,2020-10-02,1749.0,677833.0
255,2020-10-03,1883.0,679716.0
256,2020-10-04,1573.0,681289.0
257,2020-10-05,926.0,682215.0
258,2020-10-06,1027.0,683242.0
259,2020-10-07,1913.0,685155.0
260,2020-10-08,1736.0,686891.0
261,2020-10-09,1461.0,688352.0
262,2020-10-10,2544.0,690896.0
263,2020-10-11,1575.0,692471.0
264,2020-10-12,888.0,693359.0
265,2020-10-13,1178.0,694537.0
266,2020-10-14,1877.0,696414.0
267,2020-10-15,1770.0,698184.0
268,2020-10-16,2019.0,700203.0
269,2020-10-17,1928.0,702131.0
270,2020-10-18,1662.0,703793.0
271,2020-10-19,1461.0,705254.0
272,2020-10-20,1050.0,706304.0
273,2020-10-21,2055.0,708359.0
274,2020-10-22,2156.0,710515.0
275,2020-10-23,1897.0,712412.0
276,2020-10-24,1834.0,714246.0
277,2020-10-25,1622.0,715868.0
278,2020-10-26,891.0,716759.0
279,2020-10-27,1092.0,717851.0
280,2020-10-28,1863.0,719714.0
281,2020-10-29,2056.0,721770.0
282,2020-10-30,1912.0,723682.0
283,2020-10-31,1770.0,725452.0
284,2020-11-01,1371.0,726823.0
285,2020-11-02,772.0,727595.0
286,2020-11-03,1241.0,728836.0
287,2020-11-04,1712.0,730548.0
288,2020-11-05,1866.0,732414.0
289,2020-11-06,1761.0,734175.0
290,2020-11-07,1731.0,735906.0
291,2020-11-08,1372.0,737278.0
292,2020-11-09,1247.0,738525.0
293,2020-11-10,1729.0,740254.0
294,2020-11-11,2140.0,742394.0
295,2020-11-12,2338.0,744732.0
296,2020-11-13,2213.0,746945.0
297,2020-11-14,2237.0,749182.0
298,2020-11-15,1842.0,751024.0
299,2020-11-16,1245.0,752269.0
300,2020-11-17,1987.0,754256.0
301,2020-11-18,2888.0,757144.0
302,2020-11-19,2514.0,759658.0
303,2020-11-20,3105.0,762763.0
304,2020-11-21,2646.0,765409.0
305,2020-11-22,2270.0,767679.0
306,2020-11-23,2080.0,769759.0
307,2020-11-24,2493.0,772252.0
308,2020-11-25,3250.0,775502.0
309,2020-11-26,3069.0,778571.0
310,2020-11-27,3370.0,781941.0
311,2020-11-28,3198.0,785139.0
312,2020-11-29,2563.0,787702.0
313,2020-11-30,2302.0,790004.0
314,2020-12-01,2295.0,792299.0
315,2020-12-02,4173.0,796472.0
316,2020-12-03,4400.0,800872.0
317,2020-12-04,4932.0,805804.0
318,2020-12-05,4645.0,810449.0
319,2020-12-06,4116.0,814565.0
320,2020-12-07,3313.0,817878.0
321,2020-12-08,4011.0,821889.0
322,2020-12-09,6709.0,828598.0
323,2020-12-10,8166.0,836764.0
324,2020-12-11,8319.0,845083.0
325,2020-12-12,7882.0,852965.0
326,2020-12-13,7999.0,860964.0
327,2020-12-14,5163.0,866127.0
328,2020-12-15,7552.0,873679.0
329,2020-12-16,10008.0,883687.0
330,2020-12-17,9126.0,892813.0
331,2020-12-18,8725.0,901538.0
332,2020-12-19,10939.0,912477.0
333,2020-12-20,9445.0,921922.0
334,2020-12-21,8789.0,930711.0
335,2020-12-22,9501.0,940212.0
336,2020-12-23,14046.0,954258.0
337,2020-12-24,14305.0,968563.0
338,2020-12-25,14796.0,983359.0
339,2020-12-26,11552.0,994911.0
340,2020-12-27,9502.0,1004413.0
341,2020-12-28,7458.0,1011871.0
342,2020-12-29,9580.0,1021451.0
343,2020-12-30,17710.0,1039161.0
344,2020-12-31,18000.0,1057161.0
345,2021-01-01,16726.0,1073887.0
346,2021-01-02,15002.0,1088889.0
347,2021-01-03,11859.0,1100748.0
348,2021-01-04,12601.0,1113349.0
349,2021-01-05,14410.0,1127759.0
350,2021-01-06,21832.0,1149591.0
351,2021-01-07,20999.0,1170590.0
352,2021-01-08,21980.0,1192570.0
353,2021-01-09,21606.0,1214176.0
354,2021-01-10,17421.0,1231597.0
355,2021-01-11,15046.0,1246643.0
356,2021-01-12,13105.0,1259748.0
357,2021-01-13,18555.0,1278303.0
358,2021-01-14,18503.0,1296806.0
359,2021-01-15,14880.0,1311686.0
360,2021-01-16,13973.0,1325659.0
361,2021-01-17,12267.0,1337926.0
362,2021-01-18,9010.0,1346936.0
363,2021-01-19,9780.0,1356716.0
364,2021-01-20,12710.0,1369426.0
365,2021-01-21,11381.0,1380807.0
366,2021-01-22,11761.0,1392568.0
367,2021-01-23,12271.0,1404839.0
368,2021-01-24,8147.0,1412986.0
369,2021-01-25,4551.0,1417537.0
370,2021-01-26,6041.0,1423578.0
371,2021-01-27,7070.0,1430648.0
372,2021-01-28,7150.0,1437798.0
373,2021-01-29,6141.0,1443939.0
374,2021-01-30,5297.0,1449236.0
375,2021-01-31,4525.0,1453761.0
376,2021-02-01,2548.0,1456309.0
377,2021-02-02,2649.0,1458958.0
378,2021-02-03,4058.0,1463016.0
379,2021-02-04,3751.0,1466767.0
380,2021-02-05,3749.0,1470516.0
381,2021-02-06,3184.0,1473700.0
382,2021-02-07,2435.0,1476135.0
383,2021-02-08,1376.0,1477511.0
384,2021-02-09,1742.0,1479253.0
385,2021-02-10,3159.0,1482412.0
386,2021-02-11,2488.0,1484900.0
387,2021-02-12,2781.0,1487681.0
388,2021-02-13,2382.0,1490063.0
389,2021-02-14,1744.0,1491807.0
390,2021-02-15,1102.0,1492909.0
391,2021-02-16,1210.0,1494119.0
392,2021-02-17,2320.0,1496439.0
