,dates,cases,cumul
0,2020-01-22,1.0,1.0
1,2020-01-23,0.0,1.0
2,2020-01-24,2.0,3.0
3,2020-01-25,0.0,3.0
4,2020-01-26,1.0,4.0
5,2020-01-27,1.0,5.0
6,2020-01-28,3.0,8.0
7,2020-01-29,0.0,8.0
8,2020-01-30,1.0,9.0
9,2020-01-31,1.0,10.0
10,2020-02-01,0.0,10.0
11,2020-02-02,0.0,10.0
12,2020-02-03,0.0,10.0
13,2020-02-04,1.0,11.0
14,2020-02-05,0.0,11.0
15,2020-02-06,5.0,16.0
16,2020-02-07,0.0,16.0
17,2020-02-08,1.0,17.0
18,2020-02-09,1.0,18.0
19,2020-02-10,0.0,18.0
20,2020-02-11,0.0,18.0
21,2020-02-12,0.0,18.0
22,2020-02-13,0.0,18.0
23,2020-02-14,0.0,18.0
24,2020-02-15,0.0,18.0
25,2020-02-16,2.0,20.0
26,2020-02-17,2.0,22.0
27,2020-02-18,0.0,22.0
28,2020-02-19,1.0,23.0
29,2020-02-20,1.0,24.0
30,2020-02-21,2.0,26.0
31,2020-02-22,0.0,26.0
32,2020-02-23,2.0,28.0
33,2020-02-24,2.0,30.0
34,2020-02-25,1.0,31.0
35,2020-02-26,1.0,32.0
36,2020-02-27,0.0,32.0
37,2020-02-28,2.0,34.0
38,2020-02-29,5.0,39.0
39,2020-03-01,1.0,40.0
40,2020-03-02,1.0,41.0
41,2020-03-03,1.0,42.0
42,2020-03-04,0.0,42.0
43,2020-03-05,2.0,44.0
44,2020-03-06,1.0,45.0
45,2020-03-07,0.0,45.0
46,2020-03-08,0.0,45.0
47,2020-03-09,0.0,45.0
48,2020-03-10,2.0,47.0
49,2020-03-11,1.0,48.0
50,2020-03-12,1.0,49.0
51,2020-03-13,1.0,50.0
52,2020-03-14,3.0,53.0
53,2020-03-15,6.0,59.0
54,2020-03-16,8.0,67.0
55,2020-03-17,10.0,77.0
56,2020-03-18,23.0,100.0
57,2020-03-19,8.0,108.0
58,2020-03-20,27.0,135.0
59,2020-03-21,18.0,153.0
60,2020-03-22,16.0,169.0
61,2020-03-23,26.0,195.0
62,2020-03-24,20.0,215.0
63,2020-03-25,20.0,235.0
64,2020-03-26,17.0,252.0
65,2020-03-27,15.0,267.0
66,2020-03-28,16.0,283.0
67,2020-03-29,15.0,298.0
68,2020-03-30,8.0,306.0
69,2020-03-31,16.0,322.0
70,2020-04-01,7.0,329.0
71,2020-04-02,10.0,339.0
72,2020-04-03,9.0,348.0
73,2020-04-04,7.0,355.0
74,2020-04-05,8.0,363.0
75,2020-04-06,10.0,373.0
76,2020-04-07,3.0,376.0
77,2020-04-08,3.0,379.0
78,2020-04-09,1.0,380.0
79,2020-04-10,2.0,382.0
80,2020-04-11,3.0,385.0
81,2020-04-12,3.0,388.0
82,2020-04-13,5.0,393.0
83,2020-04-14,0.0,393.0
84,2020-04-15,2.0,395.0
85,2020-04-16,0.0,395.0
86,2020-04-17,0.0,395.0
87,2020-04-18,3.0,398.0
88,2020-04-19,22.0,420.0
89,2020-04-20,2.0,422.0
90,2020-04-21,3.0,425.0
91,2020-04-22,1.0,426.0
92,2020-04-23,1.0,427.0
93,2020-04-24,1.0,428.0
94,2020-04-25,1.0,429.0
95,2020-04-26,0.0,429.0
96,2020-04-27,0.0,429.0
97,2020-04-28,0.0,429.0
98,2020-04-29,0.0,429.0
99,2020-04-30,0.0,429.0
100,2020-05-01,0.0,429.0
101,2020-05-02,3.0,432.0
102,2020-05-03,4.0,436.0
103,2020-05-04,2.0,438.0
104,2020-05-05,0.0,438.0
105,2020-05-06,1.0,439.0
106,2020-05-07,1.0,440.0
107,2020-05-08,0.0,440.0
108,2020-05-09,0.0,440.0
109,2020-05-10,0.0,440.0
110,2020-05-11,0.0,440.0
111,2020-05-12,0.0,440.0
112,2020-05-13,0.0,440.0
113,2020-05-14,0.0,440.0
114,2020-05-15,0.0,440.0
115,2020-05-16,0.0,440.0
116,2020-05-17,0.0,440.0
117,2020-05-18,0.0,440.0
118,2020-05-19,0.0,440.0
119,2020-05-20,0.0,440.0
120,2020-05-21,0.0,440.0
121,2020-05-22,1.0,441.0
122,2020-05-23,0.0,441.0
123,2020-05-24,0.0,441.0
124,2020-05-25,0.0,441.0
125,2020-05-26,0.0,441.0
126,2020-05-27,0.0,441.0
127,2020-05-28,0.0,441.0
128,2020-05-29,1.0,442.0
129,2020-05-30,0.0,442.0
130,2020-05-31,0.0,442.0
131,2020-06-01,1.0,443.0
132,2020-06-02,0.0,443.0
133,2020-06-03,0.0,443.0
134,2020-06-04,0.0,443.0
135,2020-06-05,0.0,443.0
136,2020-06-06,0.0,443.0
137,2020-06-07,0.0,443.0
138,2020-06-08,0.0,443.0
139,2020-06-09,0.0,443.0
140,2020-06-10,0.0,443.0
141,2020-06-11,0.0,443.0
142,2020-06-12,0.0,443.0
143,2020-06-13,0.0,443.0
144,2020-06-14,0.0,443.0
145,2020-06-15,2.0,445.0
146,2020-06-16,0.0,445.0
147,2020-06-17,0.0,445.0
148,2020-06-18,1.0,446.0
149,2020-06-19,0.0,446.0
150,2020-06-20,0.0,446.0
151,2020-06-21,0.0,446.0
152,2020-06-22,0.0,446.0
153,2020-06-23,0.0,446.0
154,2020-06-24,0.0,446.0
155,2020-06-25,1.0,447.0
156,2020-06-26,0.0,447.0
157,2020-06-27,0.0,447.0
158,2020-06-28,0.0,447.0
159,2020-06-29,0.0,447.0
160,2020-06-30,0.0,447.0
161,2020-07-01,0.0,447.0
162,2020-07-02,1.0,448.0
163,2020-07-03,1.0,449.0
164,2020-07-04,0.0,449.0
165,2020-07-05,0.0,449.0
166,2020-07-06,0.0,449.0
167,2020-07-07,0.0,449.0
168,2020-07-08,0.0,449.0
169,2020-07-09,0.0,449.0
170,2020-07-10,0.0,449.0
171,2020-07-11,2.0,451.0
172,2020-07-12,0.0,451.0
173,2020-07-13,0.0,451.0
174,2020-07-14,0.0,451.0
175,2020-07-15,0.0,451.0
176,2020-07-16,0.0,451.0
177,2020-07-17,0.0,451.0
178,2020-07-18,0.0,451.0
179,2020-07-19,0.0,451.0
180,2020-07-20,0.0,451.0
181,2020-07-21,0.0,451.0
182,2020-07-22,4.0,455.0
183,2020-07-23,0.0,455.0
184,2020-07-24,3.0,458.0
185,2020-07-25,0.0,458.0
186,2020-07-26,0.0,458.0
187,2020-07-27,4.0,462.0
188,2020-07-28,5.0,467.0
189,2020-07-29,0.0,467.0
190,2020-07-30,0.0,467.0
191,2020-07-31,0.0,467.0
192,2020-08-01,7.0,474.0
193,2020-08-02,1.0,475.0
194,2020-08-03,-1.0,474.0
195,2020-08-04,2.0,476.0
196,2020-08-05,0.0,476.0
197,2020-08-06,1.0,477.0
198,2020-08-07,0.0,477.0
199,2020-08-08,2.0,479.0
200,2020-08-09,-2.0,477.0
201,2020-08-10,0.0,477.0
202,2020-08-11,3.0,480.0
203,2020-08-12,1.0,481.0
204,2020-08-13,0.0,481.0
205,2020-08-14,0.0,481.0
206,2020-08-15,1.0,482.0
207,2020-08-16,2.0,484.0
208,2020-08-17,1.0,485.0
209,2020-08-18,1.0,486.0
210,2020-08-19,0.0,486.0
211,2020-08-20,0.0,486.0
212,2020-08-21,1.0,487.0
213,2020-08-22,0.0,487.0
214,2020-08-23,0.0,487.0
215,2020-08-24,0.0,487.0
216,2020-08-25,0.0,487.0
217,2020-08-26,0.0,487.0
218,2020-08-27,0.0,487.0
219,2020-08-28,0.0,487.0
220,2020-08-29,1.0,488.0
221,2020-08-30,0.0,488.0
222,2020-08-31,0.0,488.0
223,2020-09-01,0.0,488.0
224,2020-09-02,1.0,489.0
225,2020-09-03,0.0,489.0
226,2020-09-04,1.0,490.0
227,2020-09-05,2.0,492.0
228,2020-09-06,1.0,493.0
229,2020-09-07,1.0,494.0
230,2020-09-08,1.0,495.0
231,2020-09-09,0.0,495.0
232,2020-09-10,1.0,496.0
233,2020-09-11,2.0,498.0
234,2020-09-12,0.0,498.0
235,2020-09-13,0.0,498.0
236,2020-09-14,1.0,499.0
237,2020-09-15,0.0,499.0
238,2020-09-16,1.0,500.0
239,2020-09-17,3.0,503.0
240,2020-09-18,0.0,503.0
241,2020-09-19,3.0,506.0
242,2020-09-20,1.0,507.0
243,2020-09-21,2.0,509.0
244,2020-09-22,0.0,509.0
245,2020-09-23,0.0,509.0
246,2020-09-24,0.0,509.0
247,2020-09-25,1.0,510.0
248,2020-09-26,0.0,510.0
249,2020-09-27,0.0,510.0
250,2020-09-28,3.0,513.0
251,2020-09-29,0.0,513.0
252,2020-09-30,1.0,514.0
253,2020-10-01,1.0,515.0
254,2020-10-02,2.0,517.0
255,2020-10-03,0.0,517.0
256,2020-10-04,0.0,517.0
257,2020-10-05,1.0,518.0
258,2020-10-06,3.0,521.0
259,2020-10-07,2.0,523.0
260,2020-10-08,1.0,524.0
261,2020-10-09,3.0,527.0
262,2020-10-10,0.0,527.0
263,2020-10-11,0.0,527.0
264,2020-10-12,2.0,529.0
265,2020-10-13,1.0,530.0
266,2020-10-14,0.0,530.0
267,2020-10-15,1.0,531.0
268,2020-10-16,4.0,535.0
269,2020-10-17,0.0,535.0
270,2020-10-18,0.0,535.0
271,2020-10-19,5.0,540.0
272,2020-10-20,3.0,543.0
273,2020-10-21,1.0,544.0
274,2020-10-22,4.0,548.0
275,2020-10-23,0.0,548.0
276,2020-10-24,2.0,550.0
277,2020-10-25,0.0,550.0
278,2020-10-26,0.0,550.0
279,2020-10-27,0.0,550.0
280,2020-10-28,0.0,550.0
281,2020-10-29,3.0,553.0
282,2020-10-30,1.0,554.0
283,2020-10-31,1.0,555.0
284,2020-11-01,3.0,558.0
285,2020-11-02,5.0,563.0
286,2020-11-03,4.0,567.0
287,2020-11-04,1.0,568.0
288,2020-11-05,1.0,569.0
289,2020-11-06,4.0,573.0
290,2020-11-07,0.0,573.0
291,2020-11-08,4.0,577.0
292,2020-11-09,1.0,578.0
293,2020-11-10,2.0,580.0
294,2020-11-11,4.0,584.0
295,2020-11-12,5.0,589.0
296,2020-11-13,8.0,597.0
297,2020-11-14,3.0,600.0
298,2020-11-15,2.0,602.0
299,2020-11-16,1.0,603.0
300,2020-11-17,2.0,605.0
301,2020-11-18,2.0,607.0
302,2020-11-19,2.0,609.0
303,2020-11-20,2.0,611.0
304,2020-11-21,0.0,611.0
305,2020-11-22,6.0,617.0
306,2020-11-23,1.0,618.0
307,2020-11-24,0.0,618.0
308,2020-11-25,5.0,623.0
309,2020-11-26,2.0,625.0
310,2020-11-27,14.0,639.0
311,2020-11-28,9.0,648.0
312,2020-11-29,3.0,651.0
313,2020-11-30,24.0,675.0
314,2020-12-01,4.0,679.0
315,2020-12-02,6.0,685.0
316,2020-12-03,1.0,686.0
317,2020-12-04,4.0,690.0
318,2020-12-05,4.0,694.0
319,2020-12-06,22.0,716.0
320,2020-12-07,0.0,716.0
321,2020-12-08,2.0,718.0
322,2020-12-09,2.0,720.0
323,2020-12-10,4.0,724.0
324,2020-12-11,1.0,725.0
325,2020-12-12,8.0,733.0
326,2020-12-13,3.0,736.0
327,2020-12-14,4.0,740.0
328,2020-12-15,2.0,742.0
329,2020-12-16,7.0,749.0
330,2020-12-17,8.0,757.0
331,2020-12-18,2.0,759.0
332,2020-12-19,4.0,763.0
333,2020-12-20,3.0,766.0
334,2020-12-21,0.0,766.0
335,2020-12-22,4.0,770.0
336,2020-12-23,6.0,776.0
337,2020-12-24,0.0,776.0
338,2020-12-25,4.0,780.0
339,2020-12-26,3.0,783.0
340,2020-12-27,2.0,785.0
341,2020-12-28,8.0,793.0
342,2020-12-29,2.0,795.0
343,2020-12-30,2.0,797.0
344,2020-12-31,2.0,799.0
345,2021-01-01,3.0,802.0
346,2021-01-02,6.0,808.0
347,2021-01-03,4.0,812.0
348,2021-01-04,3.0,815.0
349,2021-01-05,2.0,817.0
350,2021-01-06,2.0,819.0
351,2021-01-07,3.0,822.0
352,2021-01-08,3.0,825.0
353,2021-01-09,3.0,828.0
354,2021-01-10,0.0,828.0
355,2021-01-11,6.0,834.0
356,2021-01-12,4.0,838.0
357,2021-01-13,4.0,842.0
358,2021-01-14,0.0,842.0
359,2021-01-15,1.0,843.0
360,2021-01-16,8.0,851.0
361,2021-01-17,4.0,855.0
362,2021-01-18,7.0,862.0
363,2021-01-19,6.0,868.0
364,2021-01-20,2.0,870.0
365,2021-01-21,11.0,881.0
366,2021-01-22,0.0,881.0
367,2021-01-23,3.0,884.0
368,2021-01-24,5.0,889.0
369,2021-01-25,0.0,889.0
370,2021-01-26,1.0,890.0
371,2021-01-27,3.0,893.0
372,2021-01-28,2.0,895.0
373,2021-01-29,4.0,899.0
374,2021-01-30,10.0,909.0
375,2021-01-31,2.0,911.0
376,2021-02-01,1.0,912.0
377,2021-02-02,3.0,915.0
378,2021-02-03,2.0,917.0
379,2021-02-04,2.0,919.0
380,2021-02-05,4.0,923.0
381,2021-02-06,1.0,924.0
382,2021-02-07,3.0,927.0
383,2021-02-08,1.0,928.0
384,2021-02-09,5.0,933.0
385,2021-02-10,2.0,935.0
386,2021-02-11,1.0,936.0
387,2021-02-12,1.0,937.0
388,2021-02-13,0.0,937.0
389,2021-02-14,0.0,937.0
390,2021-02-15,0.0,937.0
391,2021-02-16,0.0,937.0
392,2021-02-17,1.0,938.0
