,dates,cases,cumul
0,2020-01-22,1.0,1.0
1,2020-01-23,0.0,1.0
2,2020-01-24,1.0,2.0
3,2020-01-25,0.0,2.0
4,2020-01-26,3.0,5.0
5,2020-01-27,0.0,5.0
6,2020-01-28,0.0,5.0
7,2020-01-29,1.0,6.0
8,2020-01-30,0.0,6.0
9,2020-01-31,2.0,8.0
10,2020-02-01,0.0,8.0
11,2020-02-02,0.0,8.0
12,2020-02-03,3.0,11.0
13,2020-02-04,0.0,11.0
14,2020-02-05,0.0,11.0
15,2020-02-06,1.0,12.0
16,2020-02-07,0.0,12.0
17,2020-02-08,0.0,12.0
18,2020-02-09,0.0,12.0
19,2020-02-10,0.0,12.0
20,2020-02-11,1.0,13.0
21,2020-02-12,0.0,13.0
22,2020-02-13,1.0,14.0
23,2020-02-14,0.0,14.0
24,2020-02-15,0.0,14.0
25,2020-02-16,0.0,14.0
26,2020-02-17,0.0,14.0
27,2020-02-18,0.0,14.0
28,2020-02-19,0.0,14.0
29,2020-02-20,0.0,14.0
30,2020-02-21,2.0,16.0
31,2020-02-22,0.0,16.0
32,2020-02-23,0.0,16.0
33,2020-02-24,0.0,16.0
34,2020-02-25,0.0,16.0
35,2020-02-26,0.0,16.0
36,2020-02-27,1.0,17.0
37,2020-02-28,0.0,17.0
38,2020-02-29,8.0,25.0
39,2020-03-01,7.0,32.0
40,2020-03-02,23.0,55.0
41,2020-03-03,19.0,74.0
42,2020-03-04,33.0,107.0
43,2020-03-05,77.0,184.0
44,2020-03-06,53.0,237.0
45,2020-03-07,166.0,403.0
46,2020-03-08,116.0,519.0
47,2020-03-09,75.0,594.0
48,2020-03-10,188.0,782.0
49,2020-03-11,365.0,1147.0
50,2020-03-12,439.0,1586.0
51,2020-03-13,633.0,2219.0
52,2020-03-14,759.0,2978.0
53,2020-03-15,234.0,3212.0
54,2020-03-16,1467.0,4679.0
55,2020-03-17,1833.0,6512.0
56,2020-03-18,2657.0,9169.0
57,2020-03-19,4494.0,13663.0
58,2020-03-20,6367.0,20030.0
59,2020-03-21,5995.0,26025.0
60,2020-03-22,8873.0,34898.0
61,2020-03-23,11238.0,46136.0
62,2020-03-24,10619.0,56755.0
63,2020-03-25,12082.0,68837.0
64,2020-03-26,17856.0,86693.0
65,2020-03-27,18690.0,105383.0
66,2020-03-28,19630.0,125013.0
67,2020-03-29,18899.0,143912.0
68,2020-03-30,22075.0,165987.0
69,2020-03-31,26314.0,192301.0
70,2020-04-01,32243.0,224544.0
71,2020-04-02,32235.0,256779.0
72,2020-04-03,32287.0,289066.0
73,2020-04-04,32416.0,321482.0
74,2020-04-05,29877.0,351359.0
75,2020-04-06,31381.0,382740.0
76,2020-04-07,30767.0,413507.0
77,2020-04-08,31192.0,444699.0
78,2020-04-09,35941.0,480640.0
79,2020-04-10,34415.0,515055.0
80,2020-04-11,29130.0,544185.0
81,2020-04-12,27255.0,571440.0
82,2020-04-13,26930.0,598370.0
83,2020-04-14,28781.0,627151.0
84,2020-04-15,25440.0,652591.0
85,2020-04-16,30035.0,682626.0
86,2020-04-17,33030.0,715656.0
87,2020-04-18,27932.0,743588.0
88,2020-04-19,26096.0,769684.0
89,2020-04-20,29828.0,799512.0
90,2020-04-21,25917.0,825429.0
91,2020-04-22,28859.0,854288.0
92,2020-04-23,33570.0,887858.0
93,2020-04-24,32327.0,920185.0
94,2020-04-25,30395.0,950580.0
95,2020-04-26,26501.0,977081.0
96,2020-04-27,23703.0,1000784.0
97,2020-04-28,24577.0,1025361.0
98,2020-04-29,26438.0,1051799.0
99,2020-04-30,29220.0,1081019.0
100,2020-05-01,34926.0,1115945.0
101,2020-05-02,27350.0,1143295.0
102,2020-05-03,24297.0,1167592.0
103,2020-05-04,24085.0,1191677.0
104,2020-05-05,24531.0,1216208.0
105,2020-05-06,24559.0,1240767.0
106,2020-05-07,27412.0,1268179.0
107,2020-05-08,26838.0,1295017.0
108,2020-05-09,25136.0,1320153.0
109,2020-05-10,18867.0,1339020.0
110,2020-05-11,19271.0,1358291.0
111,2020-05-12,22947.0,1381238.0
112,2020-05-13,20408.0,1401646.0
113,2020-05-14,26818.0,1428464.0
114,2020-05-15,24747.0,1453211.0
115,2020-05-16,24159.0,1477370.0
116,2020-05-17,18363.0,1495733.0
117,2020-05-18,22390.0,1518123.0
118,2020-05-19,21007.0,1539130.0
119,2020-05-20,22697.0,1561827.0
120,2020-05-21,25766.0,1587593.0
121,2020-05-22,23656.0,1611249.0
122,2020-05-23,21112.0,1632361.0
123,2020-05-24,20067.0,1652428.0
124,2020-05-25,18672.0,1671100.0
125,2020-05-26,19650.0,1690750.0
126,2020-05-27,18549.0,1709299.0
127,2020-05-28,22322.0,1731621.0
128,2020-05-29,24472.0,1756093.0
129,2020-05-30,23633.0,1779726.0
130,2020-05-31,18987.0,1798713.0
131,2020-06-01,17435.0,1816148.0
132,2020-06-02,21503.0,1837651.0
133,2020-06-03,19844.0,1857495.0
134,2020-06-04,21649.0,1879144.0
135,2020-06-05,25400.0,1904544.0
136,2020-06-06,21160.0,1925704.0
137,2020-06-07,17916.0,1943620.0
138,2020-06-08,17637.0,1961257.0
139,2020-06-09,18382.0,1979639.0
140,2020-06-10,21110.0,2000749.0
141,2020-06-11,23132.0,2023881.0
142,2020-06-12,24865.0,2048746.0
143,2020-06-13,25208.0,2073954.0
144,2020-06-14,18948.0,2092902.0
145,2020-06-15,19819.0,2112721.0
146,2020-06-16,23670.0,2136391.0
147,2020-06-17,27058.0,2163449.0
148,2020-06-18,28522.0,2191971.0
149,2020-06-19,31560.0,2223531.0
150,2020-06-20,32269.0,2255800.0
151,2020-06-21,25146.0,2280946.0
152,2020-06-22,32147.0,2313093.0
153,2020-06-23,37063.0,2350156.0
154,2020-06-24,35858.0,2386014.0
155,2020-06-25,40315.0,2426329.0
156,2020-06-26,45982.0,2472311.0
157,2020-06-27,41340.0,2513651.0
158,2020-06-28,40725.0,2554376.0
159,2020-06-29,41279.0,2595655.0
160,2020-06-30,46426.0,2642081.0
161,2020-07-01,51809.0,2693890.0
162,2020-07-02,56627.0,2750517.0
163,2020-07-03,51357.0,2801874.0
164,2020-07-04,45679.0,2847553.0
165,2020-07-05,50769.0,2898322.0
166,2020-07-06,43072.0,2941394.0
167,2020-07-07,60642.0,3002036.0
168,2020-07-08,60110.0,3062146.0
169,2020-07-09,62487.0,3124633.0
170,2020-07-10,68039.0,3192672.0
171,2020-07-11,60015.0,3252687.0
172,2020-07-12,58450.0,3311137.0
173,2020-07-13,58889.0,3370026.0
174,2020-07-14,68012.0,3438038.0
175,2020-07-15,68107.0,3506145.0
176,2020-07-16,75809.0,3581954.0
177,2020-07-17,72249.0,3654203.0
178,2020-07-18,62537.0,3716740.0
179,2020-07-19,60471.0,3777211.0
180,2020-07-20,62082.0,3839293.0
181,2020-07-21,64487.0,3903780.0
182,2020-07-22,70561.0,3974341.0
183,2020-07-23,68428.0,4042769.0
184,2020-07-24,73301.0,4116070.0
185,2020-07-25,64899.0,4180969.0
186,2020-07-26,54847.0,4235816.0
187,2020-07-27,56738.0,4292554.0
188,2020-07-28,66449.0,4359003.0
189,2020-07-29,71813.0,4430816.0
190,2020-07-30,67418.0,4498234.0
191,2020-07-31,68697.0,4566931.0
192,2020-08-01,56174.0,4623105.0
193,2020-08-02,45547.0,4668652.0
194,2020-08-03,45521.0,4714173.0
195,2020-08-04,58772.0,4772945.0
196,2020-08-05,54448.0,4827393.0
197,2020-08-06,59334.0,4886727.0
198,2020-08-07,59269.0,4945996.0
199,2020-08-08,54111.0,5000107.0
200,2020-08-09,45748.0,5045855.0
201,2020-08-10,47620.0,5093475.0
202,2020-08-11,47955.0,5141430.0
203,2020-08-12,55983.0,5197413.0
204,2020-08-13,51277.0,5248690.0
205,2020-08-14,65322.0,5314012.0
206,2020-08-15,46902.0,5360914.0
207,2020-08-16,39189.0,5400103.0
208,2020-08-17,36654.0,5436757.0
209,2020-08-18,44998.0,5481755.0
210,2020-08-19,47347.0,5529102.0
211,2020-08-20,43788.0,5572890.0
212,2020-08-21,48706.0,5621596.0
213,2020-08-22,43045.0,5664641.0
214,2020-08-23,34261.0,5698902.0
215,2020-08-24,36600.0,5735502.0
216,2020-08-25,40116.0,5775618.0
217,2020-08-26,45290.0,5820908.0
218,2020-08-27,45185.0,5866093.0
219,2020-08-28,46953.0,5913046.0
220,2020-08-29,42676.0,5955722.0
221,2020-08-30,34396.0,5990118.0
222,2020-08-31,35475.0,6025593.0
223,2020-09-01,41667.0,6067260.0
224,2020-09-02,40940.0,6108200.0
225,2020-09-03,44085.0,6152285.0
226,2020-09-04,50415.0,6202700.0
227,2020-09-05,42982.0,6245682.0
228,2020-09-06,31299.0,6276981.0
229,2020-09-07,23468.0,6300449.0
230,2020-09-08,27435.0,6327884.0
231,2020-09-09,33754.0,6361638.0
232,2020-09-10,36120.0,6397758.0
233,2020-09-11,47649.0,6445407.0
234,2020-09-12,41077.0,6486484.0
235,2020-09-13,34266.0,6520750.0
236,2020-09-14,34377.0,6555127.0
237,2020-09-15,39427.0,6594554.0
238,2020-09-16,38835.0,6633389.0
239,2020-09-17,45190.0,6678579.0
240,2020-09-18,49146.0,6727725.0
241,2020-09-19,42122.0,6769847.0
242,2020-09-20,38300.0,6808147.0
243,2020-09-21,51914.0,6860061.0
244,2020-09-22,39662.0,6899723.0
245,2020-09-23,39008.0,6938731.0
246,2020-09-24,47029.0,6985760.0
247,2020-09-25,48184.0,7033944.0
248,2020-09-26,44618.0,7078562.0
249,2020-09-27,37516.0,7116078.0
250,2020-09-28,33203.0,7149281.0
251,2020-09-29,43217.0,7192498.0
252,2020-09-30,39334.0,7231832.0
253,2020-10-01,45586.0,7277418.0
254,2020-10-02,54820.0,7332238.0
255,2020-10-03,48559.0,7380797.0
256,2020-10-04,35742.0,7416539.0
257,2020-10-05,39423.0,7455962.0
258,2020-10-06,45047.0,7501009.0
259,2020-10-07,50940.0,7551949.0
260,2020-10-08,58502.0,7610451.0
261,2020-10-09,56265.0,7666716.0
262,2020-10-10,54906.0,7721622.0
263,2020-10-11,45878.0,7767500.0
264,2020-10-12,41862.0,7809362.0
265,2020-10-13,52107.0,7861469.0
266,2020-10-14,59620.0,7921089.0
267,2020-10-15,64775.0,7985864.0
268,2020-10-16,69043.0,8054907.0
269,2020-10-17,56656.0,8111563.0
270,2020-10-18,49307.0,8160870.0
271,2020-10-19,67715.0,8228585.0
272,2020-10-20,61823.0,8290408.0
273,2020-10-21,63173.0,8353581.0
274,2020-10-22,76211.0,8429792.0
275,2020-10-23,81722.0,8511514.0
276,2020-10-24,82704.0,8594218.0
277,2020-10-25,62020.0,8656238.0
278,2020-10-26,67315.0,8723553.0
279,2020-10-27,76583.0,8800136.0
280,2020-10-28,79190.0,8879326.0
281,2020-10-29,90799.0,8970125.0
282,2020-10-30,98978.0,9069103.0
283,2020-10-31,89668.0,9158771.0
284,2020-11-01,104793.0,9263564.0
285,2020-11-02,85109.0,9348673.0
286,2020-11-03,126920.0,9475593.0
287,2020-11-04,104385.0,9579978.0
288,2020-11-05,129098.0,9709076.0
289,2020-11-06,127750.0,9836826.0
290,2020-11-07,127208.0,9964034.0
291,2020-11-08,115081.0,10079115.0
292,2020-11-09,120460.0,10199575.0
293,2020-11-10,140231.0,10339806.0
294,2020-11-11,146378.0,10486184.0
295,2020-11-12,164386.0,10650570.0
296,2020-11-13,180186.0,10830756.0
297,2020-11-14,167542.0,10998298.0
298,2020-11-15,136150.0,11134448.0
299,2020-11-16,162503.0,11296951.0
300,2020-11-17,163437.0,11460388.0
301,2020-11-18,172867.0,11633255.0
302,2020-11-19,191153.0,11824408.0
303,2020-11-20,197956.0,12022364.0
304,2020-11-21,179123.0,12201487.0
305,2020-11-22,146650.0,12348137.0
306,2020-11-23,173982.0,12522119.0
307,2020-11-24,175043.0,12697162.0
308,2020-11-25,182685.0,12879847.0
309,2020-11-26,111612.0,12991459.0
310,2020-11-27,208007.0,13199466.0
311,2020-11-28,155435.0,13354901.0
312,2020-11-29,140047.0,13494948.0
313,2020-11-30,160233.0,13655181.0
314,2020-12-01,187512.0,13842693.0
315,2020-12-02,201872.0,14044565.0
316,2020-12-03,222282.0,14266847.0
317,2020-12-04,232036.0,14498883.0
318,2020-12-05,214741.0,14713624.0
319,2020-12-06,180794.0,14894418.0
320,2020-12-07,194591.0,15089009.0
321,2020-12-08,223867.0,15312876.0
322,2020-12-09,221660.0,15534536.0
323,2020-12-10,230629.0,15765165.0
324,2020-12-11,238672.0,16003837.0
325,2020-12-12,216413.0,16220250.0
326,2020-12-13,187429.0,16407679.0
327,2020-12-14,193151.0,16600830.0
328,2020-12-15,209189.0,16810019.0
329,2020-12-16,245740.0,17055759.0
330,2020-12-17,239077.0,17294836.0
331,2020-12-18,251033.0,17545869.0
332,2020-12-19,191615.0,17737484.0
333,2020-12-20,187549.0,17925033.0
334,2020-12-21,198608.0,18123641.0
335,2020-12-22,197240.0,18320881.0
336,2020-12-23,228761.0,18549642.0
337,2020-12-24,193161.0,18742803.0
338,2020-12-25,96729.0,18839532.0
339,2020-12-26,226844.0,19066376.0
340,2020-12-27,155688.0,19222064.0
341,2020-12-28,174173.0,19396237.0
342,2020-12-29,198880.0,19595117.0
343,2020-12-30,232016.0,19827133.0
344,2020-12-31,233916.0,20061049.0
345,2021-01-01,152344.0,20213393.0
346,2021-01-02,300282.0,20513675.0
347,2021-01-03,208556.0,20722231.0
348,2021-01-04,183790.0,20906021.0
349,2021-01-05,233526.0,21139547.0
350,2021-01-06,253917.0,21393464.0
351,2021-01-07,276738.0,21670202.0
352,2021-01-08,292044.0,21962246.0
353,2021-01-09,261974.0,22224220.0
354,2021-01-10,213281.0,22437501.0
355,2021-01-11,213963.0,22651464.0
356,2021-01-12,226238.0,22877702.0
357,2021-01-13,229871.0,23107573.0
358,2021-01-14,234975.0,23342548.0
359,2021-01-15,240707.0,23583255.0
360,2021-01-16,200764.0,23784019.0
361,2021-01-17,177404.0,23961423.0
362,2021-01-18,142605.0,24104028.0
363,2021-01-19,176984.0,24281012.0
364,2021-01-20,182579.0,24463591.0
365,2021-01-21,193055.0,24656646.0
366,2021-01-22,190032.0,24846678.0
367,2021-01-23,170138.0,25016816.0
368,2021-01-24,131075.0,25147891.0
369,2021-01-25,151095.0,25298986.0
370,2021-01-26,146597.0,25445583.0
371,2021-01-27,152478.0,25598061.0
372,2021-01-28,168620.0,25766681.0
373,2021-01-29,166113.0,25932794.0
374,2021-01-30,142091.0,26074885.0
375,2021-01-31,111896.0,26186781.0
376,2021-02-01,134339.0,26321120.0
377,2021-02-02,114437.0,26435557.0
378,2021-02-03,121469.0,26557026.0
379,2021-02-04,123188.0,26680214.0
380,2021-02-05,133558.0,26813772.0
381,2021-02-06,104015.0,26917787.0
382,2021-02-07,89581.0,27007368.0
383,2021-02-08,89727.0,27097095.0
384,2021-02-09,95360.0,27192455.0
385,2021-02-10,94704.0,27287159.0
386,2021-02-11,105353.0,27392512.0
387,2021-02-12,99511.0,27492023.0
388,2021-02-13,83321.0,27575344.0
389,2021-02-14,64938.0,27640282.0
390,2021-02-15,53944.0,27694226.0
391,2021-02-16,62398.0,27756624.0
392,2021-02-17,68419.0,27825043.0
